chr start end wavelets.pvalue SNP.id logLR new.dsQTL windows.pvalue windows.shift.pvalue
1 900989 902013 1e-05 chr1.901458 62.21277 0 9.9999e-06 9.9999e-06
1 963689 964713 0.00075 chr1.963531 11.6364 0 0.05986494 0.02131787
1 1209189 1210213 2e-05 chr1.1210288 29.57398 0 0.01787703 0.01956236
1 1217039 1218063 2e-05 chr1.1217275 23.15885 0 0.02197998 0.003666579
1 1579889 1580913 1e-05 chr1.1582744 114.65741 0 9.9999e-06 9.9999e-06
1 1613289 1614313 2e-05 chr1.1612716 46.97808 1 3.99996e-05 1.99998e-05
1 1613989 1615013 1e-05 chr1.1615466 121.03714 0 9.9999e-06 9.9999e-06
1 1667239 1668263 8e-05 chr1.1665420 50.00395 0 0.009708409 0.005148577
1 2054139 2055163 0.00229 chr1.2055818 18.76114 0 0.01597848 0.02293237
1 2125939 2126963 0.00114 chr1.2126997 20.05411 1 0.04547267 0.04494271
1 2877939 2878963 0.00102 chr1.2878321 8.10349 1 0.835152 0.5735339
1 3693439 3694463 5e-05 chr1.3693901 20.91085 0 0.004951558 0.002454169
1 6201139 6202163 0.00064 chr1.6201705 7.62794 1 0.2552748 0.0599815
1 10370389 10371413 1e-05 chr1.10370847 19.88338 0 5.99994e-05 9.9999e-05
1 10457239 10458263 0.00017 chr1.10456012 12.66059 1 0.02577897 0.08869569
1 10617339 10618363 0.00013 chr1.10616712 8.59705 1 0.4760348 0.3858548
1 11767489 11768513 0.00223 chr1.11770346 8.27148 1 0.02648608 0.09502345
1 11890289 11891313 0.00015 chr1.11890492 18.4314 0 0.001687533 0.002708719
1 11964339 11965363 1e-05 chr1.11964848 15.78567 0 1.99998e-05 1.99998e-05
1 15793839 15794863 0.00101 chr1.indel.15794486 12.94344 0 0.05368181 0.04030537
1 16232439 16233463 0.00041 chr1.16235248 8.88088 1 9.9999e-06 9.9999e-06
1 16374639 16375663 0.00018 chr1.16376968 9.76739 1 0.1837017 0.442965
1 16414889 16415913 3e-05 chr1.16415422 24.57109 0 0.0005023237 0.0007968693
1 17112539 17113563 0.00069 chr1.17111281 28.69364 0 0.001726953 0.0007556926
1 17112739 17113763 0.00036 chr1.17111281 29.32307 0 0.0007272888 0.0008811416
1 19073739 19074763 1e-05 chr1.19073733 45.10442 0 9.9999e-06 3.99996e-05
1 19149339 19150363 1e-05 chr1.19149522 17.97935 0 0.0004980316 0.0004659658
1 19149639 19150663 0.00012 chr1.19149522 12.39889 0 0.0002923512 0.0002228714
1 19323089 19324113 0.00026 chr1.19323192 11.68746 0 0.005598779 0.007271085
1 21364439 21365463 0.00146 chr1.21362632 9.0435 1 0.01204594 0.004077797
1 22217739 22218763 1e-05 chr1.22218234 33.87276 0 1.99998e-05 9.9999e-06
1 23212489 23213513 1e-05 chr1.23210576 41.99581 0 9.9999e-06 9.9999e-06
1 25465289 25466313 0.00228 chr1.25466785 12.48558 1 0.0003555142 0.0005342189
1 26318639 26319663 9e-05 chr1.26320326 12.57284 1 0.01810624 0.006053206
1 26399939 26400963 1e-05 chr1.26400397 21.16688 0 0.0001731368 0.0001683793
1 27617139 27618163 0.00121 chr1.27617688 12.38174 0 0.01932262 0.02969588
1 28447239 28448263 0.00162 chr1.indel.28446237 9.7707 1 0.01768047 0.0260147
1 29321039 29322063 0.00145 chr1.29323542 7.61144 1 0.7145634 0.7019755
1 31028239 31029263 1e-05 chr1.31028492 45.71986 0 9.9999e-06 9.9999e-06
1 32053739 32054763 0.00028 chr1.32055794 15.80622 1 0.04323609 0.06520537
1 32708889 32709913 2e-05 chr1.32709394 12.61429 0 3.99996e-05 9.9999e-05
1 35034889 35035913 0.00029 chr1.35035363 10.8491 0 0.002657884 0.003719332
1 36356139 36357163 0.00207 chr1.36358664 6.39081 1 0.2842466 0.502019
1 37928389 37929413 1e-05 chr1.37929489 34.79039 0 9.9999e-06 9.9999e-06
1 38057789 38058813 3e-05 chr1.38056832 15.78932 0 0.05371505 0.0009227583
1 39777139 39778163 0.00041 chr1.39777721 16.13147 1 0.02545086 0.09652497
1 40121039 40122063 2e-05 chr1.40121920 22.06552 0 0.001165327 9.9999e-06
1 40130839 40131863 0.00227 chr1.40129827 8.42109 0 0.0361854 0.06820866
1 40334739 40335763 3e-05 chr1.40334058 19.55287 0 0.07993098 0.02142916
1 40335089 40336113 0.00041 chr1.40334058 13.71743 0 0.02213003 0.04986336
1 40335439 40336463 1e-04 chr1.40334058 16.2899 0 0.05872634 0.03174892
1 43174139 43175163 0.00059 chr1.43173134 9.21851 0 0.01084707 0.004399773
1 44306439 44307463 6e-05 chr1.44306839 12.60973 0 0.0005474982 0.0005706164
1 44710439 44711463 1e-05 chr1.indel.44710648 20.15172 0 9.9999e-06 9.9999e-06
1 58784089 58785113 0.00013 chr1.58785642 18.44815 0 0.001536184 0.006576243
1 62368989 62370013 0.00136 chr1.62369557 12.35523 0 0.004045536 0.0004156882
1 64066289 64067313 3e-05 chr1.64066721 15.71205 1 0.004935707 0.01972266
1 85182589 85183613 1e-05 chr1.85183132 30.03465 0 1.99998e-05 2.99997e-05
1 89230539 89231563 0.00074 chr1.89231653 13.0581 0 0.0002737549 0.0002600865
1 98899289 98900313 1e-05 chr1.98899793 23.08415 0 8.99991e-05 3.99996e-05
1 103840339 103841363 0.00039 chr1.indel.103840325 12.10095 0 0.0005106696 0.001091863
1 103840839 103841863 6e-04 chr1.indel.103840325 9.71969 0 0.0005815121 0.0006958923
1 109594089 109595113 0.00148 chr1.109593079 6.71981 1 0.3084415 0.2386033
1 111541389 111542413 1e-05 chr1.111541868 72.23257 0 9.9999e-06 9.9999e-06
1 113184439 113185463 3e-05 chr1.113186065 14.23766 0 9.9999e-06 1.99998e-05
1 143642739 143643763 1e-05 chr1.143643577 29.19564 0 1.99998e-05 1.99998e-05
1 143643139 143644163 1e-05 chr1.143643577 37.85339 0 1.99998e-05 2.99997e-05
1 144165539 144166563 1e-05 chr1.144165675 25.28806 0 0.0003933931 3.99996e-05
1 146864739 146865763 0.00201 chr1.146864647 12.4312 0 0.01008428 0.02268112
1 148305489 148306513 1e-05 chr1.148306302 24.31754 0 0.0003957416 9.9999e-06
1 148868289 148869313 0.00075 chr1.148866805 12.06419 1 0.7687456 0.916951
1 152387639 152388663 1e-04 chr1.152389598 18.99169 0 0.0002191861 0.0005072221
1 153105889 153106913 1e-05 chr1.153106423 27.88655 0 9.9999e-06 9.9999e-06
1 153798239 153799263 3e-05 chr1.153798059 17.4608 0 0.000140383 0.0002902639
1 154592989 154594013 1e-05 chr1.154593519 105.51168 0 9.9999e-06 9.9999e-06
1 154593239 154594263 1e-05 chr1.154593519 101.96755 0 9.9999e-06 9.9999e-06
1 154913839 154914863 0.00036 chr1.154916180 12.35984 1 0.04589823 0.02119449
1 160388489 160389513 1e-05 chr1.160389072 28.50581 0 0.000114781 5.99994e-05
1 163837189 163838213 0.00145 chr1.163837464 12.94495 0 0.1593716 0.1706616
1 166384489 166385513 0.00021 chr1.indel.166385305 14.875 0 0.00360425 0.001807114
1 167603189 167604213 0.00071 chr1.167606140 14.16185 1 0.0004845626 0.0007385361
1 168767239 168768263 0.00198 chr1.indel.168768145 8.83797 0 0.02119693 0.02909306
1 168767639 168768663 0.00032 chr1.indel.168768145 13.54035 0 0.0282892 0.002675736
1 170878889 170879913 1e-05 chr1.170881640 29.11425 0 9.9999e-06 9.9999e-06
1 179278339 179279363 0.00039 chr1.indel.179276840 9.86693 0 0.1161489 0.02066561
1 179664839 179665863 7e-05 chr1.179666266 12.58966 1 0.001725448 0.005580505
1 179879139 179880163 0.00047 chr1.179879605 9.91121 1 0.004348622 0.007731197
1 181815789 181816813 2e-05 chr1.181816380 19.77426 0 0.0001227877 6.99993e-05
1 195592339 195593363 4e-05 chr1.195594908 12.91688 1 0.002279037 0.004386767
1 198443339 198444363 0.00167 chr1.indel.198443140 7.82656 1 0.6959613 0.5905067
1 198863739 198864763 5e-05 chr1.198866733 14.82047 0 0.04438669 0.0177963
1 198905089 198906113 0.00049 chr1.indel.198907676 16.0741 0 0.0006010149 0.002402948
1 203685289 203686313 0.00165 chr1.203685254 8.58163 1 0.01061931 0.05212496
1 204777989 204779013 1e-05 chr1.204778535 29.71787 0 0.0001142371 1.99998e-05
1 204898089 204899113 0.00031 chr1.204898617 15.13108 0 0.01848384 0.007093197
1 204977239 204978263 1e-05 chr1.204977876 14.72209 0 0.001708219 0.002335256
1 205191939 205192963 3e-05 chr1.205194234 14.76123 0 0.0002577423 0.001065679
1 207851339 207852363 2e-05 chr1.207851829 15.46094 0 2.99997e-05 5.99994e-05
1 207892689 207893713 0.00201 chr1.207893416 8.60259 1 0.6974161 0.6378904
1 211197939 211198963 6e-05 chr1.211198624 15.30911 0 0.07101131 0.08106171
1 219952739 219953763 0.00036 chr1.219951763 10.45561 1 0.01321291 0.02372461
1 220034039 220035063 0.00094 chr1.220035932 8.41526 1 0.005539907 0.01825811
1 242554639 242555663 3e-05 chr1.242553705 18.12144 0 0.0004464718 0.002190407
1 242583339 242584363 1e-05 chr1.242583861 37.51915 0 2.99997e-05 4.99995e-05
1 244449089 244450113 1e-05 chr1.244451718 23.7804 0 9.9999e-06 9.9999e-06
1 244838539 244839563 0.00163 chr1.244837250 8.10539 1 0.03123177 0.00985187
1 244928689 244929713 1e-04 chr1.244929211 18.26133 0 9.9999e-05 0.0002776365
1 245237039 245238063 1e-05 chr1.245238013 36.64863 0 9.9999e-06 1.99998e-05
1 245237489 245238513 1e-05 chr1.245238013 45.30959 0 1.99998e-05 1.99998e-05
2 729639 730663 1e-05 chr2.731346 114.16918 0 9.9999e-06 9.9999e-06
2 9156539 9157563 1e-05 chr2.9157086 45.51193 0 9.9999e-06 9.9999e-06
2 9157739 9158763 0.00092 chr2.9157086 13.70207 1 0.04422544 0.06747255
2 9195789 9196813 0.00014 chr2.9196310 11.11444 0 1.99998e-05 3.99996e-05
2 9480439 9481463 0.00077 chr2.indel.9483326 15.28591 1 0.01679382 0.03480391
2 9480939 9481963 0.00112 chr2.indel.9483326 15.12347 1 0.01225397 0.03920591
2 9794789 9795813 1e-05 chr2.9795112 297.57674 0 9.9999e-06 9.9999e-06
2 9901339 9902363 0.00023 chr2.9899421 12.01686 0 0.0008691422 0.001849115
2 10086389 10087413 0.00119 chr2.10086751 11.05077 0 0.004803146 0.002193169
2 10802839 10803863 0.00087 chr2.10803419 12.47136 0 2.99997e-05 2.99997e-05
2 18223189 18224213 1e-05 chr2.18223685 35.09713 0 1.99998e-05 9.9999e-06
2 20114639 20115663 0.00025 chr2.20115489 18.47571 0 0.0006004937 0.0005300098
2 25236089 25237113 0.00053 chr2.25238209 9.56638 1 0.01474447 0.0006351203
2 25475539 25476563 1e-05 chr2.25475034 27.91185 0 7.99992e-05 5.99994e-05
2 29091139 29092163 5e-04 chr2.29090419 12.71233 1 0.04874552 0.1291516
2 30787639 30788663 0.00014 chr2.indel.30788244 15.16549 0 0.01233493 0.0350843
2 39808439 39809463 1e-04 chr2.39808969 11.71421 1 0.0001974964 0.0006594961
2 42987239 42988263 0.00133 chr2.42989319 8.24452 1 0.02925156 0.01195503
2 42988839 42989863 0.00221 chr2.42989319 6.74708 1 0.1347702 0.01875708
2 43353789 43354813 0.00193 chr2.43354308 10.31014 0 0.008439383 0.01323827
2 45886839 45887863 1e-05 chr2.45887411 36.34587 0 9.9999e-06 9.9999e-06
2 47138739 47139763 1e-05 chr2.47139218 20.27196 0 0.001953894 0.0003767951
2 48394589 48395613 0.0017 chr2.48394507 10.771 1 0.2689819 0.1928927
2 54161939 54162963 0.00033 chr2.indel.54163745 11.01548 1 0.0003832652 0.000955195
2 55113689 55114713 0.00033 chr2.55116647 11.44 1 0.1673589 0.2591138
2 64997839 64998863 0.00043 chr2.64997696 9.96687 0 6.99993e-05 0.0002105387
2 69023789 69024813 0.00021 chr2.69025203 14.7515 0 0.004123924 0.003902499
2 69696289 69697313 0.00069 chr2.69697275 10.73158 0 0.01783202 0.002784713
2 71541139 71542163 0.00043 chr2.71542096 9.26537 0 0.1137277 0.002729202
2 73797239 73798263 1e-05 chr2.73797592 44.4529 0 9.9999e-06 9.9999e-06
2 74065789 74066813 0.00039 chr2.74066753 10.1246 0 2.99997e-05 9.9999e-06
2 74857739 74858763 1e-05 chr2.74858261 16.81044 0 0.001330481 4.99995e-05
2 75392289 75393313 0.00045 chr2.75390367 15.86995 0 0.003738908 0.00602252
2 85472689 85473713 1e-05 chr2.85473236 70.2197 0 9.9999e-06 9.9999e-06
2 85728939 85729963 7e-05 chr2.indel.85729735 10.89735 0 0.004106878 0.005665778
2 86301389 86302413 1e-05 chr2.86301919 71.10472 0 9.9999e-06 9.9999e-06
2 88250389 88251413 1e-05 chr2.88250885 64.19396 0 9.9999e-06 9.9999e-06
2 89584789 89585813 0.00205 chr2.89583555 13.97122 0 0.0151878 0.00914514
2 91070339 91071363 0.00026 chr2.91068475 24.72311 1 0.001215392 0.002545821
2 98748739 98749763 0.00098 chr2.98749762 10.1411 0 0.1177177 0.01620143
2 110326639 110327663 1e-05 chr2.indel.110327158 23.02103 1 9.9999e-06 9.9999e-06
2 110326889 110327913 1e-05 chr2.110329846 22.01225 1 0.2281333 9.9999e-06
2 118659939 118660963 1e-05 chr2.118661445 32.59515 0 9.9999e-06 9.9999e-06
2 119841139 119842163 0.00064 chr2.119839747 10.38702 1 0.4912646 0.7672761
2 119928789 119929813 2e-05 chr2.119929325 17.06762 0 2.99997e-05 5.99994e-05
2 122609739 122610763 1e-05 chr2.122609781 14.58315 0 0.0001691543 0.0003335799
2 127115039 127116063 6e-05 chr2.127114229 10.90279 0 2.99997e-05 0.0001392125
2 128094639 128095663 7e-04 chr2.128097624 10.40329 0 0.000393873 0.0008209311
2 128793939 128794963 0.00105 chr2.128796782 8.29556 1 0.5703931 0.1923634
2 130285839 130286863 0.00032 chr2.130285122 9.43974 1 0.53125 0.3379421
2 130410089 130411113 1e-05 chr2.130412290 109.92103 0 9.9999e-06 9.9999e-06
2 131446189 131447213 5e-05 chr2.131444482 16.25473 0 0.002662062 0.003402062
2 131567139 131568163 8e-04 chr2.131567887 11.09315 0 0.2834038 0.6289422
2 134427239 134428263 0.00089 chr2.134429415 10.12877 1 0.05033742 0.08728188
2 156960639 156961663 0.00188 chr2.156961018 6.23132 1 0.002424781 0.005639541
2 160834289 160835313 0.00041 chr2.160834978 10.07831 0 0.0153331 0.002628084
2 169159189 169160213 0.00047 chr2.169162130 8.20638 1 0.2613969 0.009972815
2 172086339 172087363 0.00057 chr2.172085468 12.42756 0 0.00243646 0.01123523
2 175178339 175179363 3e-04 chr2.indel.175177556 11.40892 0 0.0004904539 0.001168018
2 177569739 177570763 4e-05 chr2.177568793 12.40672 0 0.004671965 0.004110908
2 177570039 177571063 0.00014 chr2.177568793 11.2486 0 0.002045206 0.00448028
2 177742439 177743463 2e-05 chr2.177742958 17.91899 0 9.9999e-06 2.99997e-05
2 192094239 192095263 0.00016 chr2.192094767 13.48827 1 0.009999915 0.01104123
2 197852739 197853763 8e-05 chr2.197853162 12.48351 0 0.004491752 0.006499668
2 200219089 200220113 0.00072 chr2.200220886 9.66477 1 0.4689526 0.2453571
2 202575589 202576613 0.00012 chr2.202577619 16.93603 0 0.00129994 0.003721836
2 202575839 202576863 0.00013 chr2.202577619 19.98948 0 0.02076935 0.00528081
2 216404039 216405063 1e-05 chr2.216404561 45.98044 0 9.9999e-06 9.9999e-06
2 216795289 216796313 0.00129 chr2.216798039 9.10691 0 0.0155199 0.03338402
2 225530189 225531213 0.00028 chr2.indel.225532243 10.32501 0 0.0005459477 0.0005299133
2 232130439 232131463 1e-05 chr2.232130465 41.49237 0 3.99996e-05 9.9999e-06
2 232938189 232939213 1e-05 chr2.232937251 53.24857 0 9.9999e-06 9.9999e-06
2 233096139 233097163 0.00024 chr2.233097570 8.97065 1 0.005325398 0.01004097
2 237728539 237729563 1e-05 chr2.237728961 45.3028 0 9.9999e-06 9.9999e-06
2 238044489 238045513 0.00155 chr2.238044163 9.105 0 0.002294498 0.005338991
2 238103739 238104763 0.00095 chr2.238104276 10.80763 0 0.01614888 0.03117228
2 238276689 238277713 0.00018 chr2.238279025 16.0024 0 1.99998e-05 3.99996e-05
2 238479139 238480163 1e-05 chr2.238477232 29.48465 0 9.9999e-06 9.9999e-06
2 238700289 238701313 0.00024 chr2.238698782 11.18641 0 0.002153347 0.004317276
2 238733289 238734313 1e-05 chr2.238734665 15.25806 0 0.0001211791 0.0002071866
2 241037989 241039013 0.00125 chr2.241038326 9.20099 1 0.01337408 0.02121352
2 241209339 241210363 1e-05 chr2.indel.241209766 41.04748 0 0.001882638 0.000190401
2 241287839 241288863 0.00219 chr2.241288788 5.42763 1 0.008832141 0.005865015
2 241720389 241721413 0.00187 chr2.241721369 11.25161 0 0.05105575 0.07018959
2 242606989 242608013 1e-05 chr2.242607557 21.24369 0 0.0001792509 0.0001594227
3 208589 209613 1e-05 chr3.209877 57.18038 0 9.9999e-06 9.9999e-06
3 4845389 4846413 0.00062 chr3.4845889 17.91854 0 0.1360374 0.07944563
3 10229539 10230563 0.00041 chr3.10229488 15.59517 0 0.008709855 0.01665867
3 10568389 10569413 0.00065 chr3.10570186 13.04544 0 0.009619718 0.008744359
3 14141039 14142063 0.00204 chr3.indel.14141984 14.26186 1 0.269989 0.1895603
3 32449089 32450113 0.00114 chr3.32448826 8.84087 1 0.1222941 0.1591083
3 38470789 38471813 0.00045 chr3.38473613 8.48409 1 0.542593 0.1837006
3 39197039 39198063 0.00229 chr3.39197485 8.7086 1 0.09553444 0.2206122
3 45405339 45406363 0.00162 chr3.45405882 8.1951 0 0.009859041 0.03222283
3 46748039 46749063 1e-05 chr3.46750387 36.48811 0 9.9999e-06 9.9999e-06
3 46992589 46993613 1e-05 chr3.indel.46991063 102.94698 0 9.9999e-06 9.9999e-06
3 48257189 48258213 2e-05 chr3.48257498 20.83895 0 0.002888269 0.000749708
3 48445389 48446413 0.00196 chr3.indel.48448018 7.9171 1 0.5626466 0.7267104
3 50362789 50363813 0.00012 chr3.50363611 19.62637 0 6.99993e-05 9.9999e-06
3 51307789 51308813 0.00204 chr3.51307428 6.57415 1 0.09336098 0.1236013
3 51869689 51870713 0.00029 chr3.indel.51870336 10.49265 1 0.107251 0.2314321
3 52240239 52241263 1e-05 chr3.indel.52240753 21.8397 0 9.9999e-06 9.9999e-06
3 52280439 52281463 0.00062 chr3.52280673 7.71753 1 0.05260322 0.0246462
3 52845639 52846663 1e-05 chr3.52848608 21.76536 0 4.99995e-05 9.9999e-06
3 52855339 52856363 0.00012 chr3.52854991 11.33052 0 0.002326373 0.00414788
3 52865439 52866463 1e-05 chr3.52866006 25.12279 0 3.99996e-05 9.9999e-06
3 57920389 57921413 1e-05 chr3.57919914 27.01105 0 6.99993e-05 9.9999e-06
3 58012739 58013763 1e-05 chr3.58012783 55.42221 0 9.9999e-06 9.9999e-06
3 58046139 58047163 2e-04 chr3.58046684 10.74184 0 0.0008670977 0.001845257
3 58266589 58267613 5e-05 chr3.58267298 19.48076 0 0.06541364 0.0298776
3 58362639 58363663 0.00021 chr3.58363041 9.61384 0 0.05824797 0.0002346323
3 72233789 72234813 0.00049 chr3.72231809 10.57692 1 0.14097 0.2167146
3 99931489 99932513 0.00103 chr3.99930131 13.98486 1 0.4379993 0.04755688
3 109607789 109608813 0.00066 chr3.indel.109607737 13.28269 0 0.001023134 0.005114552
3 113741039 113742063 0.00048 chr3.113742078 12.77791 0 0.01201209 0.01304526
3 123870439 123871463 1e-05 chr3.123869017 33.36899 0 9.9999e-06 9.9999e-06
3 126349989 126351013 7e-05 chr3.126351499 14.17445 0 0.001541927 0.001287052
3 127191489 127192513 0.00021 chr3.127192056 13.30554 0 0.004983692 0.01005407
3 133860489 133861513 0.00028 chr3.133863436 10.30563 0 0.1187514 0.0003584899
3 140403539 140404563 1e-05 chr3.140406539 20.03021 0 0.0007395109 0.001483465
3 142034089 142035113 0.00032 chr3.142035352 14.80267 0 0.01448558 0.02985963
3 142306989 142308013 0.00046 chr3.142307578 10.84659 0 1.99998e-05 3.99996e-05
3 150425339 150426363 0.00182 chr3.150424955 8.21887 1 0.2384753 0.006600605
3 181802239 181803263 9e-05 chr3.181804556 12.16021 1 0.007479298 0.0007419558
3 184125639 184126663 4e-04 chr3.184123750 9.73484 1 0.1512141 0.1406665
3 184792189 184793213 0.00021 chr3.184792372 13.81794 0 0.0166661 0.006121251
3 186699339 186700363 0.00047 chr3.186701217 14.25618 1 0.002335749 0.007135438
3 187658539 187659563 0.00196 chr3.187659027 8.74836 0 0.002281461 0.006773383
3 187711389 187712413 0.00051 chr3.187711917 10.89764 0 0.1077103 0.07694121
3 188026839 188027863 2e-04 chr3.188028230 8.97645 0 0.01556728 0.009617655
3 192500539 192501563 0.00108 chr3.192502062 10.77597 1 0.4266954 0.1555775
3 194098989 194100013 1e-05 chr3.194101014 26.34752 0 0.001385447 8.99991e-05
3 196319589 196320613 0.00086 chr3.196320664 8.71856 1 0.04999599 0.06748682
3 196959389 196960413 0.00015 chr3.196958411 11.87815 0 0.001717783 0.0009967203
3 197105889 197106913 1e-05 chr3.197106438 68.2315 0 9.9999e-06 9.9999e-06
3 197400539 197401563 1e-05 chr3.197401001 38.78577 0 9.9999e-06 9.9999e-06
3 197555489 197556513 1e-05 chr3.197556839 19.16938 0 1.99998e-05 4.99995e-05
3 198153289 198154313 0.00029 chr3.indel.198153885 13.88443 1 0.2132303 0.333879
4 482489 483513 1e-04 chr4.482129 16.46364 0 0.002117339 0.003528043
4 549989 551013 2e-05 chr4.550897 34.1391 0 0.00830842 0.0003044091
4 747789 748813 0.00084 chr4.749640 7.8223 1 0.06239429 0.04690622
4 1151089 1152113 0.0014 chr4.1151480 16.79533 0 0.002082237 0.005624406
4 1573239 1574263 1e-05 chr4.1572672 22.5878 0 9.9999e-06 9.9999e-06
4 1700939 1701963 1e-05 chr4.1701451 32.31872 0 9.9999e-06 9.9999e-06
4 2466089 2467113 0.00141 chr4.2468915 7.19856 1 0.005248344 0.005851233
4 2566739 2567763 0.00216 chr4.2566416 6.81071 1 0.00808234 0.01967921
4 2830739 2831763 1e-05 chr4.2831824 16.98605 0 0.0008856315 0.0002510662
4 2905839 2906863 0.00101 chr4.2908217 12.12458 1 0.09542937 0.2726388
4 3264939 3265963 6e-05 chr4.3264263 11.10084 0 0.0008897507 0.004107605
4 3544239 3545263 0.00057 chr4.3544970 8.5214 1 0.2135702 0.1604867
4 6095639 6096663 0.00078 chr4.indel.6096815 7.64399 1 0.04231244 0.08588209
4 6977739 6978763 0.00175 chr4.6979923 8.2701 1 0.1189198 0.1173408
4 9573439 9574463 0.00207 chr4.9573478 6.89536 1 0.06437844 0.1224561
4 10194439 10195463 0.00128 chr4.10192558 7.74885 0 0.03715078 0.02314875
4 14760239 14761263 1e-05 chr4.14758755 30.76709 0 9.9999e-06 9.9999e-06
4 25580589 25581613 0.00013 chr4.indel.25580000 13.87562 1 0.02193709 0.002663958
4 37856339 37857363 1e-05 chr4.37857261 18.78141 0 9.9999e-06 7.99992e-05
4 39246439 39247463 5e-05 chr4.39246990 20.80645 0 4.99995e-05 0.0001438394
4 39942889 39943913 2e-05 chr4.39943381 28.77603 0 0.0002353263 5.99994e-05
4 40065889 40066913 1e-05 chr4.40066369 93.35554 0 9.9999e-06 9.9999e-06
4 47870089 47871113 0.00189 chr4.47870076 6.18552 1 0.3071879 0.007989993
4 57520889 57521913 1e-04 chr4.57519192 13.79444 0 0.0199428 0.009323055
4 70731689 70732713 1e-05 chr4.70730368 27.24098 0 5.99994e-05 3.99996e-05
4 77080339 77081363 1e-05 chr4.77081279 33.71054 0 9.9999e-06 9.9999e-06
4 83938139 83939163 1e-05 chr4.83937750 21.29628 0 6.99993e-05 7.99992e-05
4 83938589 83939613 1e-05 chr4.83937750 26.72464 0 0.000412909 9.9999e-06
4 83938939 83939963 0.00011 chr4.83937750 17.4083 0 1.99998e-05 8.99991e-05
4 86841889 86842913 0.00101 chr4.86839908 9.82787 1 0.03147931 0.004001033
4 99343439 99344463 0.00125 chr4.99344867 9.95115 1 0.04398838 0.09950088
4 106613589 106614613 0.00028 chr4.106613829 9.99176 0 9.9999e-06 2.99997e-05
4 108898239 108899263 0.00192 chr4.108897407 10.08497 1 0.02787263 0.1311444
4 113419339 113420363 0.00183 chr4.113419831 8.71247 0 0.0003284189 0.0005716465
4 113777339 113778363 1e-05 chr4.113778802 21.63712 0 0.8788389 0.02268745
4 122309289 122310313 0.00118 chr4.122310902 9.98193 1 0.3601387 0.4666336
4 174527539 174528563 0.00172 chr4.174528148 8.50239 1 0.08840019 0.3370865
4 185258089 185259113 3e-05 chr4.185258574 24.5832 0 0.001017881 0.0001299458
4 187348639 187349663 0.00114 chr4.187348659 9.30751 0 0.1788423 0.01688647
4 191098389 191099413 0.00078 chr4.191099120 16.28682 1 0.1064511 0.1197867
5 445239 446263 1e-05 chr5.446005 32.42748 0 9.9999e-06 1.99998e-05
5 1188939 1189963 7e-05 chr5.1188584 12.02696 1 0.0153954 0.04102782
5 1542089 1543113 2e-05 chr5.1542089 15.20291 0 0.001119183 0.003153292
5 1817839 1818863 1e-05 chr5.1818331 29.14861 0 9.9999e-06 9.9999e-06
5 1818139 1819163 2e-05 chr5.1818331 22.26878 0 9.9999e-06 9.9999e-06
5 6882239 6883263 0.00082 chr5.6882734 10.91692 0 0.05903098 0.01413779
5 6890339 6891363 1e-05 chr5.6890873 21.00395 0 1.99998e-05 9.9999e-06
5 10610689 10611713 0.00114 chr5.10611247 8.35379 0 0.0297726 0.06169751
5 10809389 10810413 5e-05 chr5.10808047 12.46802 1 9.9999e-06 9.9999e-06
5 14797039 14798063 1e-05 chr5.14795934 33.7824 0 9.9999e-06 9.9999e-06
5 54752239 54753263 1e-05 chr5.54752682 50.92085 0 9.9999e-06 9.9999e-06
5 54865639 54866663 0.00137 chr5.54866630 10.01606 1 0.002967403 0.007729908
5 54866239 54867263 0.00213 chr5.54866137 12.61801 1 0.0005954377 0.0003610554
5 72919139 72920163 1e-05 chr5.72920899 16.68649 1 0.001073203 0.002677681
5 73082539 73083563 8e-04 chr5.73080848 12.98519 1 0.06232389 0.1852856
5 74898939 74899963 0.00204 chr5.74897447 6.05995 1 0.2262483 0.3711756
5 94107289 94108313 0.00174 chr5.94107974 9.07119 0 0.01671505 0.02192428
5 96716839 96717863 0.00013 chr5.96717560 10.05974 1 0.007623423 0.01288876
5 106626839 106627863 1e-05 chr5.106627418 27.70609 0 9.9999e-06 9.9999e-06
5 107366439 107367463 1e-05 chr5.107366900 20.31557 0 0.0001388459 9.9999e-06
5 111855589 111856613 0.00079 chr5.111856528 13.53497 1 0.08708727 0.002632524
5 118394539 118395563 1e-05 chr5.118395084 14.30218 1 0.01017496 0.01424563
5 131819339 131820363 1e-05 chr5.131820301 14.24423 0 5.99994e-05 0.0001269544
5 131819739 131820763 6e-05 chr5.131820301 12.13241 0 0.0007632276 0.0005232433
5 133434539 133435563 0.00229 chr5.133436955 8.43461 1 0.02231685 0.04030268
5 140085389 140086413 0.00171 chr5.140085996 11.41471 0 0.003455004 0.01361672
5 150160489 150161513 1e-05 chr5.150162903 33.82669 1 9.9999e-06 9.9999e-06
5 153602589 153603613 8e-05 chr5.153601208 14.09769 1 0.06935591 0.01783855
5 153755139 153756163 0.00162 chr5.153755892 9.04282 1 0.01728167 0.02688195
5 153862239 153863263 0.00037 chr5.153861242 14.85958 0 0.05192474 0.05146727
5 159580339 159581363 1e-05 chr5.159578672 23.21668 0 0.005005097 7.99992e-05
5 167607889 167608913 4e-05 chr5.167606948 18.85728 0 2.99997e-05 9.9999e-06
5 168942789 168943813 0.00169 chr5.indel.168944326 10.32528 1 0.02492134 0.08645527
5 170723139 170724163 0.00026 chr5.170723625 12.18393 0 0.00911117 0.01682793
5 176364989 176366013 1e-05 chr5.176363320 29.64266 0 9.9999e-06 9.9999e-06
5 176365239 176366263 1e-05 chr5.176363320 24.80223 0 1.99998e-05 4.99995e-05
5 176650439 176651463 2e-05 chr5.176650967 16.06841 0 0.001974547 0.004783403
5 177308439 177309463 1e-05 chr5.177310870 92.87452 0 9.9999e-06 9.9999e-06
5 177314539 177315563 2e-05 chr5.177317255 16.73673 0 0.05360932 0.07525638
5 177433889 177434913 0.00021 chr5.177434404 19.23602 0 0.005046223 0.01526715
5 178383139 178384163 1e-05 chr5.178383993 38.16607 0 0.001395728 0.002750371
5 178494039 178495063 4e-05 chr5.178494769 10.44263 0 2.99997e-05 7.99992e-05
5 178918839 178919863 1e-05 chr5.178918600 44.06169 0 9.9999e-05 8.99991e-05
5 179229339 179230363 0.00159 chr5.179228295 6.94172 0 0.003698839 0.006776752
5 179899339 179900363 9e-05 chr5.179900115 14.33884 0 0.0007825394 0.002824553
5 180410289 180411313 0.00055 chr5.180410796 14.83044 0 0.04733178 0.04685902
5 180516039 180517063 6e-05 chr5.180515994 15.78127 0 0.09050731 0.04479412
5 180582489 180583513 1e-05 chr5.180581658 27.34609 0 0.0001225412 9.9999e-05
5 180583089 180584113 1e-05 chr5.180581658 22.7695 0 4.99995e-05 6.99993e-05
6 842239 843263 0.00218 chr6.843145 7.22534 1 0.003128837 0.008607823
6 2881839 2882863 2e-05 chr6.2882738 21.5125 0 0.003299315 0.001259037
6 3139489 3140513 1e-05 chr6.3141823 28.20037 0 9.9999e-06 2.99997e-05
6 3953289 3954313 1e-05 chr6.3956067 16.59333 0 0.01338138 0.06724381
6 5205589 5206613 2e-05 chr6.5206607 25.18578 0 0.0002550537 0.0004929617
6 6631839 6632863 0.00053 chr6.6630736 26.40492 0 0.00458908 0.002655465
6 10997289 10998313 1e-05 chr6.10997127 32.41511 0 9.9999e-06 9.9999e-06
6 11072589 11073613 1e-05 chr6.11073105 58.51267 0 9.9999e-06 9.9999e-06
6 11426239 11427263 2e-05 chr6.11426668 19.90797 0 0.001355866 0.002959548
6 11531039 11532063 1e-05 chr6.11532496 45.29266 0 9.9999e-06 9.9999e-06
6 13574189 13575213 0.00115 chr6.13573860 7.89659 0 0.1582395 0.0001304349
6 22132939 22133963 1e-05 chr6.indel.22134367 17.08301 0 4.99995e-05 5.99994e-05
6 27326539 27327563 0.00167 chr6.27328045 11.69664 0 0.0997389 0.01962811
6 27838139 27839163 1e-05 chr6.27837813 93.73346 0 9.9999e-06 9.9999e-06
6 28236989 28238013 1e-05 chr6.28235689 35.50479 0 4.99995e-05 7.99992e-05
6 32743739 32744763 1e-05 chr6.indel.32742061 54.9943 0 9.9999e-06 9.9999e-06
6 34112139 34113163 0.00031 chr6.34114391 14.46394 0 0.0009015494 0.001641146
6 34112689 34113713 0.00031 chr6.34114391 13.19874 0 0.005341964 0.008226348
6 34867239 34868263 0.00106 chr6.indel.34870101 11.7404 1 0.0313475 0.06648208
6 36518239 36519263 0.00193 chr6.36518779 9.56341 0 0.03728671 0.01139544
6 37108689 37109713 1e-05 chr6.indel.37109057 44.59385 0 9.9999e-06 9.9999e-06
6 37773139 37774163 1e-05 chr6.37771602 37.77516 0 9.9999e-06 9.9999e-06
6 41580039 41581063 0.00115 chr6.41580681 9.23879 1 0.002574698 0.001792046
6 41580139 41581163 0.00014 chr6.41580681 12.30493 1 0.001269764 0.001828296
6 41580239 41581263 0.00015 chr6.41580681 13.79272 1 0.001069032 0.001832829
6 41580439 41581463 8e-05 chr6.41580681 14.25994 1 0.001558438 0.00275999
6 43461889 43462913 1e-05 chr6.43460958 27.8268 0 9.9999e-06 4.99995e-05
6 43530839 43531863 2e-04 chr6.indel.43532435 10.5533 0 0.07644352 0.0001409038
6 43531539 43532563 0.00073 chr6.indel.43532435 9.43428 0 0.08785614 0.003649364
6 44078239 44079263 0.00073 chr6.44076792 9.0988 1 0.0019416 0.002756272
6 52269789 52270813 0.00047 chr6.52269494 10.12085 0 0.7821679 0.3262265
6 52949089 52950113 0.00023 chr6.indel.52949485 12.04123 0 0.0003975018 0.0004797229
6 71434439 71435463 1e-05 chr6.71434909 33.08175 0 6.99993e-05 9.9999e-06
6 74324789 74325813 6e-04 chr6.74324723 9.62198 1 0.08551738 0.1349867
6 74418689 74419713 2e-05 chr6.indel.74420503 20.28477 1 0.1154903 0.01857209
6 83014539 83015563 3e-05 chr6.83014965 18.68362 0 0.07809712 0.002493237
6 88174289 88175313 1e-05 chr6.88175744 113.48975 0 9.9999e-06 9.9999e-06
6 88943939 88944963 0.00011 chr6.88946006 12.55621 0 0.00318672 0.003586799
6 130058239 130059263 0.00016 chr6.130058786 11.47812 1 0.001046375 0.002711168
6 134329439 134330463 0.00147 chr6.indel.134329648 7.50068 0 0.005074204 0.0005584239
6 159385589 159386613 0.00167 chr6.159387504 10.65125 1 0.04517826 0.04291314
6 166874439 166875463 0.00013 chr6.166874612 26.24388 0 0.01063583 0.001165013
6 167085239 167086263 1e-05 chr6.167085776 49.84219 0 2.99997e-05 9.9999e-06
6 167427139 167428163 0.00216 chr6.167426228 11.24253 0 0.02044165 0.03239936
6 168372439 168373463 1e-05 chr6.168372768 14.9169 0 0.0002203165 9.9999e-06
7 291439 292463 0.00062 chr7.291863 8.6972 1 0.09630105 0.1566203
7 969839 970863 0.00085 chr7.970737 8.07346 0 0.01084306 0.007440273
7 1029439 1030463 1e-05 chr7.1028974 52.44984 0 9.9999e-06 9.9999e-06
7 1104589 1105613 1e-05 chr7.1107041 19.87554 0 0.002395997 3.99996e-05
7 1175639 1176663 0.00017 chr7.1174463 27.79904 0 0.001183724 0.002004897
7 1198139 1199163 1e-05 chr7.1198204 17.90826 0 0.0001687845 4.99995e-05
7 2001839 2002863 0.00049 chr7.2002492 8.63724 1 0.1670239 0.2527835
7 2359339 2360363 0.00055 chr7.2359907 21.64073 0 0.002287826 0.000468476
7 22556039 22557063 1e-05 chr7.22556576 49.75261 0 9.9999e-06 9.9999e-06
7 24724789 24725813 1e-05 chr7.24725377 22.3985 0 3.99996e-05 0.0001348632
7 32734439 32735463 6e-05 chr7.32733333 16.26031 0 2.99997e-05 2.99997e-05
7 33068489 33069513 8e-05 chr7.33068987 22.66172 1 0.7609349 0.477881
7 33113139 33114163 6e-05 chr7.33114010 13.02729 0 0.003994652 0.01237161
7 33113489 33114513 0.00035 chr7.33114010 10.34195 0 0.005177397 0.006704561
7 33134639 33135663 0.00022 chr7.33135428 15.08298 0 0.0004174981 0.0001930667
7 36133139 36134163 1e-05 chr7.36133710 31.52265 0 9.9999e-06 9.9999e-06
7 44920839 44921863 1e-05 chr7.44921341 37.24326 0 3.99996e-05 9.9999e-06
7 73135539 73136563 0.00094 chr7.73136059 15.46153 0 0.003522724 0.007158118
7 73144289 73145313 1e-05 chr7.73144816 26.64295 0 4.99995e-05 9.9999e-06
7 75855939 75856963 0.00027 chr7.75854915 9.66913 1 0.02540991 0.05799369
7 100238739 100239763 2e-05 chr7.100239369 23.99552 0 0.01616543 0.005625014
7 100397639 100398663 0.00103 chr7.100397019 8.49352 0 0.04619771 0.03385446
7 101894489 101895513 1e-05 chr7.101894702 113.14849 0 9.9999e-06 9.9999e-06
7 102577039 102578063 0.00026 chr7.102578413 10.46098 1 0.01844786 0.02201798
7 110985939 110986963 2e-05 chr7.110986022 14.52291 0 0.01910463 0.001904871
7 112293389 112294413 0.00152 chr7.112293957 8.54263 0 0.021988 0.008242687
7 128306989 128308013 2e-05 chr7.128307527 16.28246 0 0.0001457347 9.9999e-05
7 128895239 128896263 0.00018 chr7.128895753 9.36708 0 0.0008435748 0.002033452
7 128929139 128930163 1e-05 chr7.128930011 38.5803 0 3.99996e-05 9.9999e-06
7 141701639 141702663 1e-05 rs2960766 62.62946 1 9.9999e-06 9.9999e-06
7 149211089 149212113 0.00061 chr7.149211606 10.9972 0 0.01646964 0.03165157
7 154630439 154631463 1e-05 chr7.154629282 16.1393 1 9.9999e-06 9.9999e-06
7 154719239 154720263 0.00126 chr7.154718998 10.35496 0 0.003361556 0.006808857
7 155161239 155162263 2e-04 chr7.155161806 9.90523 0 0.2235637 0.05873721
8 627639 628663 1e-05 chr8.indel.629122 25.37865 0 0.0004919704 0.001427387
8 1352139 1353163 1e-05 chr8.1352267 45.39145 0 9.9999e-06 9.9999e-06
8 2178989 2180013 0.00215 chr8.2178465 11.26734 0 0.1012798 0.002852608
8 6250739 6251763 5e-04 chr8.6249361 17.98174 0 0.02883741 0.04160032
8 6622339 6623363 1e-05 chr8.6622267 24.63211 0 0.002973509 0.000226016
8 8463639 8464663 1e-05 chr8.8462948 39.89236 0 1.99998e-05 3.99996e-05
8 10423039 10424063 0.00217 chr8.10425826 11.9905 0 0.04273702 0.01813139
8 11343389 11344413 1e-05 chr8.11344025 20.78427 0 0.0006958142 0.001304932
8 11346339 11347363 0.00152 chr8.11346810 9.70863 0 0.006015761 0.01325401
8 11374339 11375363 0.00142 chr8.11375876 14.00022 0 0.06991192 0.001242548
8 11640889 11641913 0.00087 chr8.11642066 16.51956 0 5.99994e-05 0.0001412256
8 11664139 11665163 0.00173 chr8.11664522 23.65022 1 0.8069791 0.4979471
8 11863089 11864113 0.00131 chr8.11863591 9.90623 0 0.00876981 0.001580325
8 12010139 12011163 0.00017 chr8.12011030 17.85853 0 0.0172615 0.0008615807
8 19830339 19831363 2e-05 chr8.19828586 18.12123 0 0.03899704 0.003729449
8 22656889 22657913 6e-05 chr8.22657991 16.18317 0 0.00133702 0.0008941597
8 22927489 22928513 0.00084 chr8.22928002 9.02894 0 0.02636738 0.03660658
8 23452039 23453063 1e-05 chr8.23451726 37.75868 0 9.9999e-06 9.9999e-06
8 23897539 23898563 1e-05 chr8.indel.23898049 18.42609 0 0.01473368 0.001114896
8 25298339 25299363 0.00021 chr8.25298889 16.195 0 0.04622314 0.05276494
8 27404339 27405363 0.00178 chr8.27404543 23.53634 0 0.007446096 0.01681875
8 37392889 37393913 0.00071 chr8.37395475 12.61592 0 0.01544321 0.0138616
8 42757939 42758963 0.00059 chr8.42757418 9.04804 0 0.1200441 0.3335324
8 48811839 48812863 0.00161 chr8.48811243 6.33705 1 0.06166192 0.07366122
8 54270439 54271463 0.00026 chr8.54270947 13.41321 0 0.008794007 3.99996e-05
8 54767889 54768913 0.0015 chr8.54768254 17.12913 0 0.04311832 0.01186822
8 58068389 58069413 1e-05 chr8.indel.58071346 16.30423 0 0.01426917 0.002469035
8 68701589 68702613 5e-04 chr8.68701957 9.48375 0 0.01008146 0.01917571
8 68940239 68941263 0.00118 chr8.68940730 8.44166 0 0.07151047 0.01936023
8 71109489 71110513 8e-05 chr8.71111545 11.67438 1 0.164652 0.1910061
8 75050589 75051613 4e-05 chr8.75052985 23.6438 0 9.9999e-06 9.9999e-06
8 75066139 75067163 5e-05 chr8.indel.75068611 13.07497 0 4.99995e-05 9.9999e-06
8 75066589 75067613 1e-05 chr8.indel.75068611 15.82545 0 9.9999e-06 9.9999e-06
8 79740039 79741063 2e-05 chr8.79740281 22.80161 0 9.9999e-06 9.9999e-06
8 81209039 81210063 1e-05 chr8.81208273 37.76389 0 9.9999e-06 9.9999e-06
8 82228539 82229563 0.0013 chr8.82229508 8.91608 0 0.0009952966 0.001887518
8 86744939 86745963 1e-05 chr8.86745049 7.73232 0 9.9999e-06 9.9999e-06
8 104012739 104013763 1e-05 chr8.104013810 17.5813 0 1.99998e-05 3.99996e-05
8 104205939 104206963 1e-05 chr8.104206494 47.9534 0 9.9999e-06 9.9999e-06
8 105670089 105671113 0.00037 chr8.105669530 12.56656 0 0.09514528 0.05787714
8 117836739 117837763 0.00089 chr8.117836688 15.58511 0 0.03281074 0.006250481
8 125118789 125119813 0.00091 chr8.125119778 10.40256 0 0.01317914 0.01781775
8 142357489 142358513 0.00164 chr8.142357991 11.13593 0 0.003113 0.005012223
8 142482889 142483913 0.00144 chr8.142483508 10.47116 0 0.3736267 0.387355
8 142483539 142484563 0.00019 chr8.142483508 10.1034 0 0.3048591 0.02591083
8 144442539 144443563 0.00214 chr8.144441603 13.09157 1 0.06618626 0.1369658
8 144722139 144723163 0.00205 chr8.144720833 23.46885 0 0.4989626 0.260765
8 144731239 144732263 1e-05 chr8.144731092 50.59156 0 9.9999e-06 9.9999e-06
8 146022539 146023563 0.00026 chr8.146021800 17.81761 0 0.009010368 0.0001813687
9 603439 604463 8e-05 chr9.605225 17.64897 0 0.001378305 0.004121068
9 745389 746413 0.00086 chr9.indel.744372 10.50051 1 0.06870105 0.088312
9 5758039 5759063 1e-05 chr9.5758609 24.93149 0 1.99998e-05 9.9999e-06
9 14677889 14678913 1e-05 chr9.14679191 34.02018 0 9.9999e-06 9.9999e-06
9 21111539 21112563 0.00034 chr9.21114285 16.60003 0 0.005512159 0.006239166
9 33507039 33508063 0.00228 chr9.33507534 8.9126 1 0.0005897697 0.0007845062
9 33709239 33710263 1e-05 chr9.33711193 11.09702 0 2.99997e-05 5.99994e-05
9 34087489 34088513 2e-05 chr9.34088110 13.14271 0 0.001855475 0.001618305
9 35998439 35999463 1e-05 chr9.35998793 54.82043 0 9.9999e-06 9.9999e-06
9 36824489 36825513 1e-04 chr9.36826769 10.05367 0 9.9999e-05 0.0001758552
9 36824939 36825963 0.00075 chr9.36826769 9.4539 0 0.0006618076 0.001140815
9 36918439 36919463 0.00042 chr9.36917081 11.44508 1 0.007085855 0.01062109
9 37555239 37556263 4e-05 chr9.37555722 14.08674 0 0.001965312 0.001164305
9 37976339 37977363 0.00165 chr9.37978829 8.78855 1 0.2889979 0.5886816
9 38027889 38028913 0.00069 chr9.38028431 9.43755 1 0.0802304 0.1506336
9 38662089 38663113 0.00227 chr9.38662523 13.41632 0 0.005424611 0.000304469
9 69885789 69886813 0.00086 chr9.69885699 19.25565 0 0.002634307 0.003218241
9 91347239 91348263 1e-05 chr9.91347530 13.57272 0 9.9999e-06 9.9999e-06
9 93522539 93523563 0.00032 chr9.93523019 10.20317 0 0.001896138 0.003924839
9 93989789 93990813 0.00131 chr9.93989726 8.6172 0 0.002667439 0.0007278959
9 94935639 94936663 1e-05 chr9.94935409 31.19216 0 9.9999e-06 3.99996e-05
9 94935739 94936763 1e-05 chr9.94935409 22.88924 0 4.99995e-05 3.99996e-05
9 94935839 94936863 1e-05 chr9.94934782 25.21841 0 1.99998e-05 4.99995e-05
9 94936339 94937363 2e-05 chr9.94935409 18.72817 0 9.9999e-06 3.99996e-05
9 96133989 96135013 0.00125 chr9.96134542 10.54724 0 0.00544386 0.0005582919
9 96528639 96529663 0.00031 chr9.96529265 17.12961 0 0.001882201 0.001145656
9 99837389 99838413 0.00154 chr9.99839418 10.35504 0 0.07121317 0.09571981
9 101868339 101869363 3e-05 chr9.101868812 14.62134 0 0.00264656 0.004785834
9 115151339 115152363 1e-05 chr9.115150759 13.76541 0 0.03805112 0.02271968
9 115151539 115152563 0.00139 chr9.115150759 8.15551 0 0.0814625 0.1310066
9 115202839 115203863 0.00015 chr9.115203466 18.21493 1 0.01366469 0.03597662
9 116129339 116130363 0.00016 chr9.116131369 12.79506 1 0.00306062 0.002812466
9 116129639 116130663 1e-05 chr9.116132627 16.90725 1 0.0002742276 0.0004296031
9 116174139 116175163 0.00066 chr9.116174766 11.05638 1 0.1242456 0.05864924
9 125999239 126000263 0.00016 chr9.indel.125998841 13.12401 0 0.0007672639 0.0002080054
9 126100239 126101263 3e-05 chr9.126100557 10.87932 0 0.0005204888 0.001338824
9 129607439 129608463 1e-05 chr9.129607923 26.8589 0 0.0002508409 9.9999e-06
9 129611539 129612563 0.0017 chr9.indel.129614182 8.34805 1 0.08295242 0.003590988
9 129745489 129746513 0.00013 chr9.129744941 15.40276 0 0.1085628 0.0192786
9 130749839 130750863 0.00027 chr9.130750227 10.92008 0 2.99997e-05 3.99996e-05
9 130750139 130751163 9e-05 chr9.130750227 14.67767 0 1.99998e-05 2.99997e-05
9 130950689 130951713 0.00023 chr9.130951056 10.88562 0 1.99998e-05 9.9999e-06
9 131800239 131801263 0.00104 chr9.131799147 8.11842 1 0.3267637 0.007294243
9 131994739 131995763 1e-05 chr9.131995072 13.53375 0 0.0006241117 0.0009060172
9 132078739 132079763 4e-05 chr9.132077094 16.19852 0 0.0003811705 0.0008726308
9 132443539 132444563 0.00216 chr9.132441979 7.41489 1 0.7626385 0.665215
9 133395239 133396263 0.00083 chr9.133398255 9.16983 0 0.01172163 0.005499672
9 133395439 133396463 0.00103 chr9.133395952 11.38054 0 0.01469718 0.00497498
9 133395639 133396663 1e-05 chr9.133397126 33.36483 0 0.008480061 0.002310691
9 133395739 133396763 1e-05 chr9.133397126 37.7182 0 0.01043873 0.005125083
9 133396239 133397263 1e-05 chr9.133397126 39.35553 0 0.1166622 0.01288994
9 135009539 135010563 0.00152 chr9.135009724 14.54397 0 0.003982482 0.00640886
9 138546839 138547863 1e-05 chr9.138547731 24.97008 0 9.9999e-06 9.9999e-06
9 138733439 138734463 0.00043 chr9.138732527 10.20228 1 0.05205652 0.05910205
9 138916139 138917163 0.00229 chr9.138915325 10.56539 0 0.000332721 0.0007005563
9 139063739 139064763 1e-05 chr9.139066710 29.65593 0 1.99998e-05 1.99998e-05
9 139064339 139065363 1e-05 chr9.139066710 34.9955 1 9.9999e-06 2.99997e-05
9 139565139 139566163 1e-05 chr9.139563899 45.34991 0 1.99998e-05 1.99998e-05
9 139565239 139566263 1e-05 chr9.139563899 47.90493 0 9.9999e-06 1.99998e-05
9 139565339 139566363 1e-05 chr9.139563899 46.79937 0 1.99998e-05 9.9999e-06
9 139565839 139566863 1e-05 chr9.139563899 45.65666 0 9.9999e-06 9.9999e-06
9 139822939 139823963 1e-05 chr9.139823651 78.54908 0 9.9999e-06 9.9999e-06
10 593439 594463 1e-05 chr10.594437 15.36523 0 4.99995e-05 8.99991e-05
10 824639 825663 1e-05 chr10.824736 37.17455 0 1.99998e-05 7.99992e-05
10 825039 826063 1e-05 chr10.824736 37.13833 0 1.99998e-05 8.99991e-05
10 6356789 6357813 0.00064 chr10.6355068 15.84855 0 0.00312997 0.004467578
10 11945389 11946413 1e-05 chr10.11945886 38.6177 0 1.99998e-05 2.99997e-05
10 13301589 13302613 3e-05 chr10.13302161 21.57576 0 0.0001936776 0.0004761489
10 13369889 13370913 1e-05 chr10.13368901 30.49063 0 9.9999e-06 9.9999e-06
10 13858689 13859713 0.00157 chr10.13857402 10.04 0 0.05565431 0.02319077
10 17287739 17288763 6e-05 chr10.17287552 18.13148 0 0.001283411 0.001222265
10 22672839 22673863 0.00045 chr10.22674263 7.66598 1 0.05463253 0.06566052
10 23055739 23056763 0.00061 chr10.23054039 11.02635 1 0.00014691 0.0003327986
10 27571939 27572963 0.00079 chr10.27572749 9.61821 0 0.0003827188 0.0002553265
10 31080489 31081513 1e-05 chr10.31081140 119.38497 0 9.9999e-06 9.9999e-06
10 32290239 32291263 1e-05 chr10.32290937 15.89556 0 0.0002522616 0.0002933167
10 43026039 43027063 0.00229 chr10.43024643 12.15797 1 0.03610907 0.0370253
10 43026239 43027263 0.00199 chr10.43024643 12.35089 1 0.03102897 0.02951169
10 43177289 43178313 0.0021 chr10.43177799 15.66348 0 0.04486786 0.01091775
10 50019639 50020663 1e-05 chr10.50020189 43.47642 0 6.99993e-05 0.0001641922
10 59494639 59495663 0.00034 chr10.59495589 14.11349 1 0.01166651 0.02350564
10 61667889 61668913 0.00024 chr10.61667891 11.01294 0 0.002934875 0.007208626
10 71761239 71762263 7e-05 chr10.71760515 17.38482 0 4.99995e-05 3.99996e-05
10 71908439 71909463 5e-05 chr10.indel.71906797 13.25134 0 0.000367904 0.0003179207
10 72802339 72803363 0.00168 chr10.72804255 10.09517 1 0.006765144 0.004499353
10 73241639 73242663 1e-05 chr10.73241625 52.43859 0 2.99997e-05 3.99996e-05
10 80008339 80009363 1e-05 chr10.80010508 43.96113 0 9.9999e-06 9.9999e-06
10 80819989 80821013 0.00045 chr10.80819803 10.07192 0 0.2281338 0.1263508
10 81778439 81779463 1e-05 chr10.81781228 44.47111 0 1.99998e-05 9.9999e-06
10 87888489 87889513 1e-05 chr10.87888978 37.31169 0 9.9999e-06 9.9999e-06
10 87888939 87889963 1e-05 chr10.87888978 29.58229 0 9.9999e-06 9.9999e-06
10 87974539 87975563 0.00108 chr10.87974437 7.00058 0 0.005750618 0.01126778
10 88080839 88081863 7e-05 chr10.88081830 11.11499 0 0.002567874 0.00731985
10 88418139 88419163 0.00175 chr10.88418698 15.27133 1 0.1944598 0.311725
10 99302889 99303913 0.00085 chr10.99303466 14.1038 0 0.006150736 0.004735004
10 103352139 103353163 4e-05 chr10.103352716 19.48377 0 0.002385432 6.99993e-05
10 105550189 105551213 1e-05 chr10.105550800 17.04574 0 0.0206154 0.006416068
10 121245539 121246563 9e-05 chr10.121248414 12.64777 0 0.006583388 5.99994e-05
10 125108789 125109813 0.00097 chr10.125107873 9.48298 0 0.01598952 0.05243329
10 126212039 126213063 1e-05 chr10.126214066 36.12477 0 1.99998e-05 9.9999e-06
10 127546589 127547613 0.00069 chr10.indel.127546328 9.91137 1 0.0340553 0.03400294
10 129783439 129784463 1e-04 chr10.129784024 12.46502 0 1.99998e-05 2.99997e-05
10 133849839 133850863 0.00077 chr10.133850952 18.40682 0 0.3761273 0.1037793
10 134822639 134823663 0.00079 chr10.134822173 11.36787 0 0.01018311 0.05387794
10 135020139 135021163 0.00177 chr10.135022416 8.17316 0 0.01067635 0.002137097
11 226039 227063 0.00016 chr11.225541 18.05701 0 9.9999e-06 9.9999e-06
11 631939 632963 3e-04 chr11.631563 23.2058 1 0.06201492 0.0037086
11 794339 795363 0.00141 chr11.795302 10.66791 1 0.3456819 0.01293768
11 1212639 1213663 0.00068 chr11.1215592 7.22974 1 0.2955209 0.3751495
11 1670789 1671813 0.00193 chr11.1671264 11.27419 0 0.001186554 0.001802371
11 2279039 2280063 0.00152 chr11.2279137 11.85418 0 0.1064063 0.1530259
11 2282539 2283563 1e-05 chr11.2281337 25.65774 0 9.9999e-06 9.9999e-06
11 6903739 6904763 0.00211 chr11.6904715 11.45152 0 0.09108741 0.009458516
11 8888439 8889463 1e-05 chr11.8890677 31.71024 0 2.99997e-05 0.0002025979
11 8888789 8889813 1e-05 chr11.8890677 35.85793 0 4.99995e-05 9.9999e-06
11 16887139 16888163 0.00013 chr11.16887991 11.06155 0 0.06136029 0.02796541
11 18389889 18390913 1e-05 chr11.18390296 77.00594 0 9.9999e-06 9.9999e-06
11 18747639 18748663 1e-05 chr11.18747670 42.34554 0 9.9999e-06 1.99998e-05
11 30300989 30302013 0.00121 chr11.30301459 10.21654 0 0.01217105 0.02130396
11 34211839 34212863 9e-05 chr11.34213912 17.51703 0 0.006518353 7.99992e-05
11 43962839 43963863 0.00101 chr11.43965209 6.9146 1 0.1921218 0.3235682
11 44574339 44575363 1e-05 chr11.44574811 22.10786 0 0.001197417 0.001670053
11 47155139 47156163 0.00042 chr11.47153558 10.47869 1 0.1277773 0.004727916
11 61528339 61529363 0.00086 chr11.61526811 12.76204 1 0.09758834 0.1527007
11 63461739 63462763 0.00087 chr11.63462661 14.62202 0 0.01844392 0.0003826776
11 63475689 63476713 0.00027 chr11.63476197 13.54578 0 0.001272181 0.0008978335
11 63763639 63764663 0.00062 chr11.indel.63763831 9.22246 0 0.006757679 0.02635532
11 65315889 65316913 1e-05 chr11.65315842 64.89541 0 9.9999e-06 9.9999e-06
11 65397189 65398213 1e-05 chr11.65397609 37.30248 0 0.0006269413 0.001111517
11 65624439 65625463 0.00137 chr11.65622485 6.67063 1 0.001319289 0.003082722
11 65835639 65836663 5e-05 chr11.65836363 18.77911 0 0.006194045 0.00324466
11 65835939 65836963 0.00186 chr11.65836362 17.57044 0 0.006724445 0.002806943
11 65836139 65837163 0.00014 chr11.65836362 26.77962 0 0.01184083 0.002440858
11 66379539 66380563 0.00031 chr11.66377959 15.56934 0 0.001477906 0.007032236
11 66379839 66380863 0.00027 chr11.66377959 16.9028 0 0.0003134724 0.001297442
11 66379939 66380963 7e-05 chr11.indel.66380076 18.4021 0 0.00073024 0.0004234769
11 66380039 66381063 0.00074 chr11.indel.66380076 14.96088 0 0.003686359 0.006302112
11 66380139 66381163 0.00089 chr11.indel.66380076 13.05057 0 0.008037049 0.005142015
11 67329239 67330263 0.00014 chr11.67328263 25.3029 0 0.001339384 0.0008567275
11 67329339 67330363 0.00085 chr11.67328263 20.2089 0 0.0004174811 0.00227351
11 68379089 68380113 2e-05 chr11.68379804 14.7341 0 9.9999e-06 9.9999e-06
11 68428039 68429063 0.00061 chr11.68426879 9.59958 0 0.02936686 0.0296697
11 73393639 73394663 1e-05 chr11.73394117 23.0061 0 1.99998e-05 9.9999e-06
11 75540539 75541563 0.00185 chr11.75543149 13.13087 1 0.3940186 0.3380743
11 82972339 82973363 0.00018 chr11.82972838 16.05467 0 0.01448735 0.001697291
11 85548289 85549313 1e-05 chr11.85548811 19.32578 0 0.001637202 0.001232539
11 86410639 86411663 0.00016 chr11.86411118 14.65921 0 0.0168108 0.0004786855
11 93061639 93062663 1e-05 chr11.93062100 20.78519 0 9.9999e-06 9.9999e-06
11 101849939 101850963 0.00138 chr11.101848886 8.86666 1 0.09467669 0.1322268
11 107292539 107293563 0.00186 chr11.107294383 8.94691 1 0.04002447 0.01846488
11 117595339 117596363 1e-05 chr11.117597593 23.34338 0 9.9999e-06 2.99997e-05
11 119678589 119679613 7e-05 chr11.119680571 25.09269 1 9.9999e-06 9.9999e-06
11 120149139 120150163 2e-05 chr11.120149634 25.6689 0 0.0001252797 0.0001867379
12 167639 168663 0.00057 chr12.indel.168110 12.75183 0 0.0001293055 0.0002021376
12 928739 929763 0.00094 chr12.indel.931152 11.18861 0 9.9999e-06 9.9999e-06
12 929039 930063 2e-05 chr12.indel.931152 19.23064 0 9.9999e-06 9.9999e-06
12 1625989 1627013 1e-05 chr12.1626903 56.62512 0 9.9999e-06 9.9999e-06
12 1780039 1781063 1e-05 chr12.1780240 41.39753 0 9.9999e-06 9.9999e-06
12 6264339 6265363 1e-05 chr12.6264939 25.9747 1 0.04654313 0.07691757
12 6818839 6819863 1e-05 chr12.6819272 49.38894 0 9.9999e-06 9.9999e-06
12 9327039 9328063 1e-05 chr12.9326082 31.58824 0 9.9999e-05 4.99995e-05
12 9353289 9354313 0.00063 chr12.9356015 7.47554 0 0.05113267 0.05367598
12 11591089 11592113 1e-05 chr12.11591557 20.99599 0 0.002847556 0.0002271392
12 11609089 11610113 0.00094 chr12.11611278 8.31561 1 0.008062143 9.9999e-05
12 14283339 14284363 0.00022 chr12.14283766 10.64434 0 0.006739116 0.00317297
12 15900239 15901263 0.00181 chr12.15899992 7.85885 1 0.1188028 0.04261162
12 32346089 32347113 2e-05 chr12.32348520 31.27836 0 6.99993e-05 0.0001141825
12 44256889 44257913 0.00141 chr12.44257472 9.43741 0 0.01429734 0.02481938
12 47636339 47637363 0.00145 chr12.47637590 9.43652 0 0.01056132 0.004980172
12 48026939 48027963 1e-05 chr12.48028597 26.99626 0 0.001051789 0.00110338
12 48027339 48028363 1e-05 chr12.48028597 33.81886 0 0.0008882295 0.00102836
12 51947939 51948963 0.00172 chr12.51948199 11.90929 0 0.002203671 0.006649406
12 64810639 64811663 0.00037 chr12.64810722 13.10232 0 0.02648246 0.007323286
12 68039739 68040763 5e-05 chr12.68040279 19.24212 0 9.9999e-06 9.9999e-06
12 82741289 82742313 0.00088 chr12.82739298 8.81544 1 0.2808307 0.04282858
12 91244439 91245463 0.00123 chr12.91245180 6.07371 0 0.01454712 0.004641839
12 93188989 93190013 2e-05 chr12.93189627 12.75747 0 0.01273255 0.003014087
12 93478439 93479463 0.00123 chr12.93479775 10.03507 0 0.05680788 0.04803866
12 99102939 99103963 0.00072 chr12.99103952 9.06881 0 0.09038667 0.3459963
12 100615139 100616163 1e-05 chr12.100613530 21.69087 0 0.0004784177 1.99998e-05
12 103422839 103423863 1e-05 chr12.103423482 27.2477 0 2.99997e-05 2.99997e-05
12 105219289 105220313 0.00061 chr12.105221258 9.06356 1 0.3699534 0.2142602
12 106410439 106411463 0.00039 chr12.106410543 8.62745 0 0.001875915 0.0002307682
12 112014989 112016013 5e-05 chr12.112015721 16.67371 0 0.001909252 0.003729946
12 112145939 112146963 7e-05 chr12.112146281 11.15855 1 0.009298213 0.009305109
12 120104389 120105413 1e-05 chr12.120102821 23.01917 0 9.9999e-06 9.9999e-06
12 121608889 121609913 0.00119 chr12.121609717 9.34694 1 0.02139741 0.006109067
12 123642689 123643713 0.00213 chr12.123643520 10.34908 1 0.3544926 0.1896747
12 123643039 123644063 0.00176 chr12.123643520 9.86601 1 0.08829994 0.2264794
12 124099739 124100763 0.00021 chr12.124098695 20.5178 1 0.0008962137 0.001517464
12 130502789 130503813 0.00026 chr12.130505475 12.15521 0 6.99993e-05 1.99998e-05
12 130732539 130733563 2e-05 chr12.130735503 34.87757 0 9.9999e-06 9.9999e-06
12 130902989 130904013 1e-05 chr12.130903523 38.99131 0 9.9999e-06 9.9999e-06
12 130968889 130969913 1e-05 chr12.130971151 22.32493 0 0.004596611 2.99997e-05
12 131905789 131906813 0.0012 chr12.131906297 14.09429 0 0.04431208 0.0106271
13 21420889 21421913 0.00017 chr13.21422159 15.27983 0 0.0008419898 0.002108964
13 21533589 21534613 0.00154 chr13.21533412 9.11694 0 0.1209631 0.1638323
13 24077689 24078713 1e-05 chr13.24078151 72.29186 0 9.9999e-06 9.9999e-06
13 24489739 24490763 0.00036 chr13.24488530 11.34977 0 0.02770771 0.02086241
13 28122139 28123163 0.00039 chr13.28122601 10.15551 0 0.0324804 0.03112455
13 31739689 31740713 1e-05 chr13.31740173 40.25303 0 9.9999e-06 9.9999e-06
13 35818339 35819363 0.00158 chr13.35821284 10.05997 0 0.005898252 0.0067233
13 39587889 39588913 0.00147 chr13.39588358 9.11415 0 0.05767601 0.0313124
13 49141539 49142563 2e-05 chr13.49142042 18.73726 0 0.00318076 0.007762593
13 49263039 49264063 0.00084 chr13.49263752 6.72306 1 0.009117593 0.03406446
13 51630639 51631663 0.00026 chr13.51632152 9.14088 1 0.007440077 0.0005801862
13 74812789 74813813 0.00123 chr13.74814793 11.80797 0 0.2532065 0.05424853
13 75009489 75010513 0.00017 chr13.75012398 20.04953 1 0.008202918 0.01656518
13 76300039 76301063 5e-05 chr13.76300585 17.62439 0 0.0006811063 0.00153853
13 77000639 77001663 0.00057 chr13.77001063 10.37882 1 0.1134031 0.06359033
13 94709139 94710163 0.00173 chr13.94709934 9.90759 1 0.0326916 0.04544331
13 110493639 110494663 0.00185 chr13.110494073 8.52149 0 0.1075722 0.1018355
13 112574739 112575763 1e-05 chr13.112577298 48.72853 0 9.9999e-06 9.9999e-06
13 113478939 113479963 3e-05 rs7338868 16.76612 0 1.99998e-05 5.99994e-05
13 113586339 113587363 5e-05 chr13.113587095 23.46806 0 8.99991e-05 4.99995e-05
13 113826739 113827763 0.00202 chr13.113826177 12.09154 1 0.008036558 0.009646958
14 19978589 19979613 1e-05 chr14.19978652 31.84512 0 9.9999e-06 9.9999e-06
14 20007689 20008713 1e-05 chr14.20005998 14.11781 0 8.99991e-05 0.0001648811
14 20855089 20856113 4e-04 chr14.20855630 9.33586 0 0.01031954 0.007798223
14 22189839 22190863 8e-05 chr14.22190469 10.90808 1 0.008675692 0.02624616
14 23838039 23839063 0.00016 chr14.indel.23838791 16.19234 0 0.1804483 0.4058931
14 23838639 23839663 0.00096 chr14.indel.23838791 12.2832 0 0.1107402 0.2247493
14 30394289 30395313 0.00033 chr14.30396624 13.2579 0 0.00209113 0.00333762
14 34660389 34661413 1e-05 chr14.34660572 24.25171 0 0.000151615 0.0005754759
14 57707239 57708263 4e-04 chr14.57708659 17.40884 0 0.002575037 0.007532647
14 61073539 61074563 0.00022 chr14.61074052 10.57436 0 0.01573233 0.01024334
14 61298339 61299363 1e-05 chr14.61298684 46.69041 0 3.99996e-05 9.9999e-06
14 62919889 62920913 1e-05 chr14.62920473 26.78936 0 0.0001262301 2.99997e-05
14 63273789 63274813 2e-05 chr14.63274287 23.22394 0 9.9999e-06 9.9999e-06
14 64488739 64489763 5e-05 chr14.64489046 17.08402 0 0.02083071 0.02368755
14 67029189 67030213 0.00031 chr14.67029793 11.10731 0 2.99997e-05 9.9999e-05
14 69262789 69263813 0.0017 chr14.69263366 11.20276 0 0.02754058 0.0005692263
14 70702589 70703613 0.00087 chr14.70702814 10.13917 0 0.01477059 0.02367974
14 72134489 72135513 0.00109 chr14.72136470 9.08961 1 0.5403462 0.3383264
14 72171439 72172463 0.00184 chr14.72171944 8.86228 0 0.00377677 0.005445846
14 72253339 72254363 0.00041 chr14.72253853 11.58312 0 0.05487043 0.02157822
14 75016139 75017163 1e-05 chr14.75016567 27.92789 0 8.99991e-05 1.99998e-05
14 76009389 76010413 6e-05 chr14.76011585 18.55828 0 0.00881741 0.01468243
14 76050389 76051413 1e-05 chr14.76050904 23.75722 0 0.0002057089 9.9999e-06
14 76440639 76441663 8e-05 chr14.76441987 19.05807 0 0.008882823 0.01993326
14 90908439 90909463 3e-05 chr14.90908839 12.96818 0 0.02010674 1.99998e-05
14 93572339 93573363 0.00099 chr14.93573949 15.94986 1 0.2011882 0.1247716
14 94992789 94993813 1e-05 chr14.indel.94993223 34.19663 0 1.99998e-05 9.9999e-06
14 95040989 95042013 1e-05 chr14.95041446 57.83961 0 9.9999e-06 9.9999e-06
14 95219589 95220613 1e-05 chr14.95220107 55.38724 0 9.9999e-06 9.9999e-06
14 96050439 96051463 0.00117 chr14.96052298 7.71988 1 0.1517157 0.01035347
14 99137939 99138963 3e-05 chr14.99138438 12.53592 0 0.003113558 0.0001752433
14 100082539 100083563 1e-05 chr14.100085133 26.42835 0 0.000131282 0.0002571591
14 101528439 101529463 1e-05 chr14.101528956 22.91844 0 0.004098121 0.006680597
14 102090989 102092013 1e-05 chr14.102091813 22.71471 0 4.99995e-05 9.9999e-06
14 103149239 103150263 0.00022 chr14.103150873 13.3955 0 1.99998e-05 3.99996e-05
14 103171389 103172413 0.00191 chr14.103170313 11.62402 0 0.2945198 0.03994197
14 103224939 103225963 1e-05 chr14.103225698 72.23017 0 9.9999e-06 9.9999e-06
14 103342539 103343563 0.00114 chr14.103343064 9.21139 0 0.000573342 0.00160881
14 103620939 103621963 0.00046 chr14.103620224 10.04719 1 8.99991e-05 0.0001658715
14 104364239 104365263 1e-05 chr14.104363695 20.4585 0 9.9999e-06 9.9999e-06
14 104433739 104434763 3e-05 chr14.104432979 27.84898 0 0.008988561 0.01974799
14 105014389 105015413 0.00215 chr14.105015044 17.3892 1 0.5253515 0.2949106
14 105018939 105019963 0.00217 chr14.105018070 13.26953 0 0.02287315 0.008626684
14 105795639 105796663 0.00016 chr14.105795892 18.71837 0 0.02784979 0.002541063
14 106310239 106311263 1e-05 chr14.106310125 40.12477 0 0.0002894361 0.0006555584
15 28902539 28903563 8e-05 chr15.28903001 30.13739 0 0.002549376 0.0001444102
15 31973389 31974413 1e-05 chr15.31975817 28.97652 0 9.9999e-06 1.99998e-05
15 36762039 36763063 0.00186 chr15.36762771 8.47673 0 0.07518044 0.01237695
15 39370839 39371863 2e-05 chr15.39371291 22.59175 0 9.9999e-06 9.9999e-06
15 39562739 39563763 0.00013 chr15.39565227 13.29469 1 0.001920648 0.007216413
15 40654389 40655413 0.00011 chr15.40652904 21.55043 0 0.0005938916 9.9999e-06
15 41264939 41265963 0.00041 chr15.41266620 9.16144 0 9.9999e-05 4.99995e-05
15 41265039 41266063 1e-05 chr15.41265405 15.47732 0 0.000125879 3.99996e-05
15 41347889 41348913 0.00127 chr15.41347728 8.63649 1 0.08347577 0.07173279
15 53486639 53487663 3e-05 chr15.53486445 14.06482 0 0.008143992 0.02729203
15 55363739 55364763 0.0022 chr15.55364183 5.67421 1 0.05716702 0.1061861
15 55403389 55404413 0.0018 chr15.55403598 11.23493 1 0.1148713 0.1342007
15 57815339 57816363 1e-05 chr15.57813922 43.15879 0 9.9999e-06 9.9999e-06
15 60983439 60984463 1e-05 chr15.60983949 134.2939 0 9.9999e-06 9.9999e-06
15 61234939 61235963 0.00216 chr15.61236830 5.73186 1 0.6361754 0.5225056
15 63133339 63134363 0.00158 chr15.63132086 11.76762 1 0.07686028 0.1414549
15 64232889 64233913 2e-05 chr15.64233370 24.11364 0 0.0003112473 0.0004386669
15 64483539 64484563 0.00038 chr15.64481612 10.84974 1 0.07733241 0.06549325
15 66308939 66309963 0.00131 chr15.indel.66309144 10.96485 0 9.9999e-06 9.9999e-06
15 66309489 66310513 1e-05 chr15.66309904 19.01434 0 9.9999e-06 9.9999e-06
15 67960839 67961863 1e-05 chr15.67961463 96.10206 0 9.9999e-06 9.9999e-06
15 68566289 68567313 0.00146 chr15.68567930 11.49035 1 0.004843736 0.0001886593
15 72952739 72953763 1e-05 chr15.72951583 21.92236 1 0.002310211 0.007984302
15 73170889 73171913 5e-05 chr15.73172675 17.90873 0 0.001064632 0.001245487
15 75098939 75099963 1e-05 chr15.75099096 19.12644 0 9.9999e-06 9.9999e-06
15 77071889 77072913 0.00072 chr15.77073395 8.24162 1 0.2429819 0.01469867
15 77858839 77859863 0.00134 chr15.77861311 7.89356 1 0.07382113 0.08987542
15 87241239 87242263 0.00013 chr15.indel.87240940 11.65131 0 0.001938968 0.0004571821
15 88204339 88205363 0.00208 chr15.indel.88202761 6.13974 1 0.3820484 0.5683853
15 88509539 88510563 0.00013 chr15.88510201 11.37784 0 0.03014085 0.00752016
15 88547789 88548813 0.00016 chr15.88546088 23.52477 0 0.0002696667 0.000302193
15 88593239 88594263 0.00117 chr15.88593510 16.14835 0 0.09153332 0.01795073
15 89298789 89299813 0.00014 chr15.89299134 22.18329 1 0.3143231 0.4210815
16 153339 154363 1e-05 chr16.155379 17.61111 1 0.001830005 0.005220151
16 360089 361113 3e-05 chr16.359924 27.20257 0 0.001156897 9.9999e-06
16 371389 372413 0.00122 chr16.369952 13.25691 1 0.5393365 0.6337152
16 600789 601813 2e-05 chr16.601440 17.30707 0 0.03710891 0.002822117
16 1158039 1159063 0.00096 chr16.1156119 8.09801 1 0.4765705 0.4554833
16 1434139 1435163 2e-05 chr16.1435476 15.24461 0 9.9999e-06 1.99998e-05
16 1434339 1435363 1e-05 chr16.1435476 31.79605 0 9.9999e-06 9.9999e-06
16 1434639 1435663 1e-05 chr16.1435476 54.34242 0 9.9999e-06 9.9999e-06
16 1435039 1436063 1e-05 chr16.1435476 54.80368 0 9.9999e-06 9.9999e-06
16 1435239 1436263 1e-05 chr16.1435476 58.76565 0 9.9999e-06 9.9999e-06
16 1950789 1951813 0.00028 chr16.1949871 7.64234 1 0.1585052 0.2202528
16 1954439 1955463 0.00015 chr16.1953404 27.76397 0 4.99995e-05 0.0001307661
16 4638489 4639513 0.00077 chr16.4638653 8.69464 0 0.003662677 0.006271854
16 11459389 11460413 1e-05 chr16.11460167 27.95867 0 9.9999e-06 1.99998e-05
16 11625289 11626313 1e-05 chr16.11625813 45.67994 0 9.9999e-06 9.9999e-06
16 12406139 12407163 0.00019 chr16.12406672 15.35545 0 0.004785989 0.001419359
16 14310089 14311113 0.00085 chr16.14310943 9.47915 0 0.0008086558 0.001025418
16 28926539 28927563 0.00029 chr16.28925908 9.47455 1 0.01073229 0.03397306
16 30693639 30694663 2e-05 chr16.30694216 24.03245 0 2.99997e-05 4.99995e-05
16 30693739 30694763 1e-05 chr16.30695683 31.1954 0 5.99994e-05 6.99993e-05
16 31340139 31341163 7e-04 chr16.31340711 12.11296 1 0.01110051 0.002166019
16 31374139 31375163 1e-04 chr16.31374541 10.76814 1 0.03358858 0.02041647
16 34850339 34851363 7e-05 chr16.34850284 46.95792 1 0.002121169 0.001200971
16 46708589 46709613 1e-05 chr16.46709051 62.28829 0 9.9999e-06 9.9999e-06
16 47202839 47203863 1e-05 chr16.47202342 25.10459 0 9.9999e-05 0.0002795828
16 48054089 48055113 0.00025 chr16.48054466 11.97084 0 0.0002623129 0.0006986944
16 48075489 48076513 0.002 chr16.48075447 13.65429 0 0.01984157 0.03185862
16 48743539 48744563 0.00047 chr16.48743983 14.84064 0 5.99994e-05 0.0001250159
16 48926289 48927313 1e-05 chr16.48928204 63.78356 0 9.9999e-06 9.9999e-06
16 48926639 48927663 1e-05 chr16.48928204 52.80695 0 9.9999e-06 9.9999e-06
16 55462189 55463213 2e-05 chr16.55462751 19.2097 0 0.002718366 0.001421032
16 55972239 55973263 0.00175 chr16.55974635 7.94746 1 0.2170496 0.399535
16 65140839 65141863 8e-05 chr16.65143211 11.52826 0 0.02910917 0.01615859
16 65769139 65770163 5e-05 chr16.indel.65769533 15.23871 0 0.002174617 0.0006395801
16 66566639 66567663 5e-05 chr16.66565998 12.57629 0 0.001098669 0.002010383
16 66652489 66653513 0.00023 chr16.indel.66653390 10.26694 0 0.01987786 0.003103427
16 67131039 67132063 0.00074 chr16.67132661 8.54013 0 0.01616067 0.003346276
16 72958639 72959663 0.00216 chr16.72959526 19.38063 0 0.005550307 0.01417482
16 73483939 73484963 1e-05 chr16.73484021 43.51922 0 9.9999e-06 9.9999e-06
16 73856739 73857763 0.00135 chr16.73857749 14.27304 0 0.0004872358 0.001091979
16 73857139 73858163 5e-04 chr16.73859965 14.18714 0 0.000920585 0.001013466
16 73857239 73858263 0.00012 chr16.73859965 16.92663 0 0.0008078559 0.000572954
16 76554839 76555863 1e-05 chr16.76554616 18.07927 0 0.002550893 0.001208228
16 76689189 76690213 1e-05 chr16.76689747 35.39112 0 9.9999e-06 9.9999e-06
16 79057489 79058513 0.00059 chr16.indel.79058963 13.08344 1 0.1840416 0.3296828
16 81232139 81233163 0.00022 chr16.81232875 9.05846 0 0.03195998 0.0001770728
16 82766539 82767563 0.00015 chr16.82766392 15.53776 0 0.00243758 0.006187068
16 83098139 83099163 0.00017 chr16.83098674 18.9629 0 0.002266484 0.00636932
16 83727039 83728063 0.00137 chr16.indel.83729152 11.57991 1 0.04968315 0.0305775
16 84451139 84452163 0.00175 chr16.84450483 9.84211 0 0.1790337 0.02880022
16 86468589 86469613 1e-05 chr16.86471373 25.90129 0 9.9999e-06 9.9999e-06
16 87330639 87331663 1e-05 chr16.87331483 32.75452 0 1.99998e-05 9.9999e-06
16 87991639 87992663 0.00207 chr16.87992337 11.73746 0 0.3524693 0.05151931
16 88209139 88210163 1e-05 chr16.88209670 28.00404 0 9.9999e-06 9.9999e-06
16 88234339 88235363 1e-05 chr16.88234600 58.28558 0 9.9999e-06 9.9999e-06
16 88280739 88281763 0.00197 chr16.88280937 12.48869 1 0.3139983 0.367846
16 88290639 88291663 3e-05 chr16.88290860 14.0999 0 0.01130974 0.0003603131
17 846189 847213 0.00027 chr17.845851 16.65728 0 0.01972261 0.003306332
17 2666439 2667463 1e-05 chr17.2665822 27.85961 0 3.99996e-05 8.99991e-05
17 3516989 3518013 0.0017 chr17.indel.3515757 7.64841 1 0.2486284 0.09567912
17 3754289 3755313 0.00179 chr17.3753413 6.86479 1 0.06813984 0.1312422
17 3814089 3815113 6e-05 chr17.3815517 17.47375 0 0.0001693067 0.0005204161
17 3948839 3949863 0.00032 chr17.3949477 9.75402 1 0.06330816 0.08372175
17 4012439 4013463 0.00053 chr17.4012430 10.05085 0 0.005625948 0.02339314
17 4558139 4559163 0.00188 chr17.4559623 11.14001 0 0.05455744 0.03384587
17 7994889 7995913 0.00208 chr17.7994942 10.65314 0 0.007837693 0.01471864
17 8000639 8001663 0.00025 chr17.8000920 23.31861 0 0.01002351 0.01308286
17 8729389 8730413 0.00112 chr17.8730885 17.75363 0 0.001877455 0.004858355
17 9966089 9967113 0.00081 chr17.9965533 8.37515 1 0.02455273 0.00591358
17 10160989 10162013 1e-05 chr17.10161485 73.09408 0 9.9999e-06 9.9999e-06
17 16205639 16206663 0.00054 chr17.indel.16207702 9.7161 1 0.1185299 0.02305
17 17661689 17662713 1e-05 chr17.17662182 50.82159 0 9.9999e-06 9.9999e-06
17 19221039 19222063 1e-05 chr17.19221599 16.49825 0 3.99996e-05 4.99995e-05
17 19221139 19222163 0.00034 chr17.19221599 14.99576 0 9.9999e-06 3.99996e-05
17 20164039 20165063 0.00025 chr17.20163744 17.08568 1 0.02206577 5.99994e-05
17 23327239 23328263 1e-05 chr17.23328381 36.39067 0 9.9999e-06 9.9999e-06
17 26289839 26290863 1e-05 chr17.26291953 31.42915 0 1.99998e-05 1.99998e-05
17 28291839 28292863 0.00036 chr17.28289968 8.39028 1 0.02478945 0.01092816
17 28321039 28322063 1e-05 chr17.28321599 31.46312 0 3.99996e-05 1.99998e-05
17 30440339 30441363 0.00021 chr17.30442492 12.59565 1 0.01129119 0.01517874
17 30595139 30596163 1e-05 chr17.30595659 80.43334 0 9.9999e-06 9.9999e-06
17 31477139 31478163 0.00169 chr17.31479995 11.009 1 0.004598697 0.008452161
17 31974339 31975363 3e-05 chr17.31974949 25.33736 0 0.001697152 1.99998e-05
17 32134039 32135063 0.00053 chr17.32133569 10.42897 0 0.01617533 0.03449496
17 33043189 33044213 1e-05 chr17.33043717 34.48774 0 9.9999e-06 9.9999e-06
17 34209039 34210063 0.00059 chr17.34211485 16.36841 0 0.005243047 0.009048011
17 34209339 34210363 2e-04 chr17.34211485 17.71197 0 0.005061204 0.01189927
17 34209539 34210563 0.00148 chr17.34211485 13.85224 0 0.009177171 0.02016662
17 35603739 35604763 1e-05 chr17.35605767 60.03553 0 9.9999e-06 9.9999e-06
17 37008039 37009063 0.00169 chr17.37010808 5.84749 1 0.04925187 0.05562843
17 37747539 37748563 0.00227 chr17.37748428 7.77281 0 0.01108068 0.0190608
17 38793339 38794363 1e-05 rs4552060 48.16003 0 9.9999e-06 9.9999e-06
17 38794739 38795763 1e-05 rs4552060 22.39584 0 0.0004029932 0.0004311718
17 39198989 39200013 1e-05 chr17.39200215 29.56562 0 5.99994e-05 1.99998e-05
17 39841389 39842413 8e-05 chr17.39841836 13.69115 0 0.005365782 0.005204997
17 42011939 42012963 8e-05 chr17.42013339 25.00992 0 0.0002552587 0.0003438726
17 43272939 43273963 0.00057 chr17.43271724 11.85708 1 0.0006830575 0.001452995
17 46967839 46968863 1e-05 chr17.46968386 36.06001 0 9.9999e-06 9.9999e-06
17 47166539 47167563 0.00018 chr17.47168474 9.21591 1 0.005802459 0.009387654
17 53058039 53059063 1e-05 chr17.53058549 22.69163 0 0.0001913218 1.99998e-05
17 54009689 54010713 0.00202 chr17.54010162 10.25896 0 0.02526542 0.007676339
17 54802489 54803513 0.00057 chr17.54805137 7.43573 1 0.2362798 0.2149954
17 55330939 55331963 1e-05 chr17.55331440 85.27779 0 9.9999e-06 9.9999e-06
17 55510489 55511513 1e-05 chr17.55513283 23.68918 0 0.0003354976 6.99993e-05
17 56008839 56009863 8e-05 chr17.56010763 14.46589 1 0.0003593884 0.0003874494
17 56009339 56010363 2e-04 chr17.56010763 13.19797 1 0.0002572587 0.0007648786
17 59377739 59378763 0.00102 chr17.59378035 13.05355 0 0.0005953599 0.001032561
17 59653039 59654063 0.00056 chr17.indel.59655702 19.50507 1 0.003411588 0.008050488
17 60200489 60201513 0.00055 chr17.60201158 8.72103 0 0.0001508578 0.000297586
17 60345639 60346663 0.00097 chr17.60347499 18.09004 0 0.06540189 0.007978875
17 60345939 60346963 0.00017 chr17.60347499 22.55368 0 0.1190109 0.0199004
17 62461939 62462963 0.00137 chr17.indel.62463670 14.30949 1 0.1076887 0.2479581
17 63973539 63974563 0.00077 chr17.63973630 11.31348 0 0.1406715 0.09172694
17 64731139 64732163 1e-05 chr17.64731692 22.35565 0 8.99991e-05 0.0001792751
17 69742539 69743563 6e-05 chr17.69741087 15.42108 1 9.9999e-06 2.99997e-05
17 71033189 71034213 8e-04 chr17.71035736 15.0595 0 0.01088072 0.01359819
17 71078539 71079563 1e-05 chr17.71079130 102.18287 0 9.9999e-06 9.9999e-06
17 71096139 71097163 2e-05 chr17.71095272 35.51723 0 0.001160696 0.002029103
17 71363639 71364663 1e-05 chr17.71365110 16.31745 0 0.0003525648 0.0004237785
17 71385639 71386663 0.00024 chr17.71385251 9.81766 0 0.01398274 0.006709907
17 71386239 71387263 2e-05 chr17.71385251 14.03397 0 0.00624524 0.007221852
17 71786439 71787463 9e-05 chr17.71787910 18.98846 0 0.02122967 0.008232956
17 71786789 71787813 8e-05 chr17.71787910 19.73739 0 0.008174086 0.01042443
17 72139189 72140213 0.00182 chr17.72139774 7.34238 1 0.1432139 0.1572251
17 72298689 72299713 0.00203 chr17.72298129 8.34027 1 0.002703784 0.007038379
17 73526739 73527763 0.00105 chr17.73526630 8.08564 1 0.2859845 0.2915003
17 74549689 74550713 1e-05 chr17.74548258 90.2041 0 9.9999e-06 9.9999e-06
17 75455289 75456313 0.00122 chr17.75454266 9.6427 0 0.01726665 0.02170574
17 75840939 75841963 1e-05 chr17.75841369 33.9827 0 5.99994e-05 6.99993e-05
17 76314839 76315863 0.00017 chr17.76315534 9.26647 0 0.01261577 0.02095902
17 76352839 76353863 1e-05 chr17.76353674 37.75615 0 9.9999e-06 9.9999e-06
17 76580989 76582013 2e-05 chr17.76581510 15.47591 0 0.0001334867 0.0002134403
17 76682789 76683813 2e-05 chr17.76681928 26.90266 0 2.99997e-05 7.99992e-05
17 76683539 76684563 1e-05 chr17.76683351 14.84034 0 2.99997e-05 0.0001676003
17 77129839 77130863 0.00186 chr17.77129824 12.63152 0 0.004141502 0.005829958
17 77130539 77131563 0.0012 chr17.77129824 10.87835 0 0.005060421 0.008179005
17 78302439 78303463 0.00017 chr17.78302552 22.05983 0 0.004061377 0.01873252
17 78444639 78445663 0.00015 chr17.78446444 9.79099 1 0.03404552 0.08281851
18 541339 542363 0.00126 chr18.541899 12.55347 0 0.00239838 0.003188166
18 586539 587563 0.00012 chr18.589405 21.84003 0 0.003638733 0.005022817
18 3059139 3060163 4e-05 chr18.3059721 16.49421 0 0.0003282632 0.0005865332
18 3199489 3200513 0.00192 chr18.3199999 7.12497 0 0.009890095 0.008097523
18 5969739 5970763 0.00019 chr18.5970359 15.42415 1 0.01587689 0.02412232
18 9056539 9057563 0.00015 chr18.9057190 13.28192 0 0.002299955 8.99991e-05
18 9697689 9698713 1e-05 chr18.9699389 21.01686 0 0.0001355422 0.0003010458
18 10203189 10204213 2e-05 chr18.10203388 18.24307 0 0.0004658607 0.001177072
18 12261039 12262063 0.00034 chr18.12261828 14.98803 0 0.0008859968 3.99996e-05
18 27514839 27515863 2e-05 chr18.27515338 17.105 0 0.0008080126 0.0004056924
18 30192639 30193663 3e-05 chr18.30193266 16.65892 0 0.009257032 0.006110485
18 42388889 42389913 0.00154 chr18.42389025 8.3705 1 0.5345872 0.1529884
18 44861839 44862863 8e-05 chr18.44863232 13.03413 0 0.03948985 0.002450954
18 45714439 45715463 1e-05 chr18.45712826 37.53221 0 9.9999e-05 4.99995e-05
18 54374539 54375563 0.00044 chr18.54375629 9.24929 1 0.03095796 0.02330206
18 70317539 70318563 4e-05 chr18.70318104 18.22817 0 0.002507086 0.005671026
18 70318689 70319713 0.00039 chr18.70320247 10.28653 0 0.001959106 0.004552687
18 71102489 71103513 1e-05 chr18.71105087 22.28395 0 9.9999e-06 9.9999e-06
18 71108239 71109263 1e-05 chr18.71108628 37.7615 0 9.9999e-06 9.9999e-06
18 72246689 72247713 1e-05 chr18.72246972 32.47848 0 9.9999e-06 9.9999e-06
18 75119189 75120213 0.00149 chr18.75119726 10.50603 0 0.004342493 0.005504709
18 75136639 75137663 1e-05 chr18.75137023 15.68965 0 0.001516112 0.002283148
18 75326239 75327263 1e-05 chr18.75324296 48.26756 0 9.9999e-06 9.9999e-06
18 75823889 75824913 1e-05 chr18.75824423 19.31608 0 0.0002787114 0.0009527148
18 75826089 75827113 4e-04 chr18.75826613 10.29865 0 0.01779818 0.02320073
18 75931739 75932763 1e-05 chr18.75930386 23.93387 1 0.004693755 0.007180515
19 462089 463113 1e-05 chr19.462796 32.42185 0 9.9999e-06 9.9999e-06
19 482039 483063 1e-05 chr19.483930 62.75579 1 0.003511902 8.99991e-05
19 899739 900763 0.00013 chr19.899358 14.88323 0 0.03429251 0.004511395
19 900139 901163 1e-04 chr19.899358 13.91021 0 0.01074646 0.008169586
19 947139 948163 0.00017 chr19.947665 15.48407 0 0.001003776 0.001448907
19 1015939 1016963 1e-05 chr19.1016563 23.49216 0 9.9999e-06 9.9999e-06
19 1302639 1303663 0.0013 chr19.1301260 5.44263 1 0.9809322 0.3923939
19 1440689 1441713 0.00142 chr19.1440303 17.83675 0 0.008388011 0.009566533
19 2913039 2914063 0.00188 chr19.2912370 12.14627 0 0.01987111 0.0002462495
19 3075839 3076863 0.00082 chr19.3076298 17.21985 0 0.001093879 0.002437117
19 3568139 3569163 0.00176 chr19.3568187 8.87707 1 0.5271349 0.3881586
19 3818539 3819563 0.00124 chr19.3820128 7.64788 1 0.3418439 0.4462485
19 4277939 4278963 1e-05 chr19.4276115 61.122 1 5.99994e-05 3.99996e-05
19 4423439 4424463 7e-05 chr19.4422797 15.07635 0 0.08837884 0.122012
19 5082239 5083263 0.00223 chr19.indel.5083736 10.93564 1 0.0150949 0.02751019
19 5082339 5083363 0.00134 chr19.indel.5083736 11.1519 1 0.04678922 0.05193335
19 5778239 5779263 0.00099 chr19.5776473 20.66539 0 1.99998e-05 8.99991e-05
19 8278789 8279813 6e-05 chr19.indel.8279919 19.58114 0 1.99998e-05 3.99996e-05
19 9979939 9980963 0.00228 chr19.9979700 6.72929 1 0.08483335 0.1406862
19 10672589 10673613 0.00054 chr19.10675081 14.25337 1 0.1862248 0.3494201
19 10925939 10926963 1e-05 chr19.10926409 24.59239 0 0.0002495506 9.9999e-06
19 12755639 12756663 1e-05 chr19.12758322 25.21725 0 9.9999e-06 9.9999e-06
19 12756039 12757063 1e-05 chr19.12758322 31.20449 0 9.9999e-06 9.9999e-06
19 12756339 12757363 1e-05 chr19.12758322 20.70408 0 9.9999e-06 9.9999e-06
19 13636589 13637613 2e-05 chr19.13636678 24.55816 0 0.001132542 0.000230336
19 16005039 16006063 0.00079 chr19.16004804 11.03906 1 0.5500112 0.591468
19 16174939 16175963 7e-05 chr19.16176223 11.17866 0 0.0008529138 0.0006637285
19 16446339 16447363 0.00063 chr19.16446438 15.15546 1 0.0101452 0.009922619
19 16507589 16508613 0.00035 chr19.16506507 7.34837 1 0.7347363 0.7136442
19 17376939 17377963 0.00018 chr19.17377620 15.73596 0 0.000571018 0.0001734449
19 17377139 17378163 0.00013 chr19.17377620 16.94444 0 0.0004313745 0.0001569016
19 17377439 17378463 0.00021 chr19.17377620 16.0909 0 0.0002512336 0.0001333164
19 17377739 17378763 1e-05 chr19.17377620 27.51083 0 0.000198737 0.0001660139
19 17710689 17711713 3e-05 chr19.17711284 17.29885 0 4.99995e-05 5.99994e-05
19 18312139 18313163 1e-05 chr19.18312381 17.70973 0 0.2387734 0.2763159
19 18373239 18374263 2e-05 chr19.indel.18373817 17.76022 0 9.9999e-06 9.9999e-06
19 22608339 22609363 0.00051 chr19.22611286 14.39543 1 0.004237082 0.0004692329
19 24007989 24009013 8e-04 chr19.24006471 12.06773 1 0.01352482 0.01313445
19 34589739 34590763 0.00027 chr19.34589658 7.9199 1 0.009121915 0.01045494
19 38247289 38248313 0.00103 chr19.38246874 11.53983 0 0.03723026 0.007690455
19 40950239 40951263 1e-05 chr19.40950682 16.79655 0 0.0001745563 0.00058196
19 42837389 42838413 1e-05 chr19.42838226 59.34103 0 9.9999e-06 9.9999e-06
19 43881089 43882113 0.00171 chr19.43881586 8.28522 0 0.006510442 0.01293338
19 43951639 43952663 1e-04 chr19.43951414 23.20756 0 0.04303196 0.2667083
19 43951939 43952963 0.00069 chr19.43950381 15.573 0 0.09673032 0.1569524
19 44858139 44859163 0.00113 chr19.44861133 12.18285 1 0.0352706 0.01716024
19 45079939 45080963 0.00229 chr19.45080679 22.76768 0 0.008583993 0.005809181
19 45641889 45642913 0.00185 chr19.45642649 14.94049 0 0.003032326 9.9999e-06
19 46423939 46424963 0.00034 chr19.46424567 11.4503 0 0.0003399519 0.0006383602
19 46460339 46461363 0.00066 chr19.46460944 9.98763 0 0.0007505682 8.99991e-05
19 46761239 46762263 1e-05 chr19.46762200 52.00558 0 9.9999e-06 9.9999e-06
19 49931439 49932463 0.00034 chr19.49932211 13.27331 0 0.0002973025 4.99995e-05
19 49979089 49980113 0.00028 chr19.49979689 17.23216 0 0.018356 8.99991e-05
19 50359339 50360363 1e-05 chr19.50357736 18.40008 0 6.99993e-05 9.9999e-06
19 50835689 50836713 0.00075 chr19.50836865 18.16595 1 0.05943648 0.06547111
19 50836189 50837213 0.00171 chr19.50836865 15.61557 1 0.0526238 0.04540972
19 51043639 51044663 0.00081 chr19.51046633 8.10208 1 0.07911628 0.03847706
19 51741339 51742363 6e-04 chr19.51741768 12.52715 0 0.004032269 0.0005875778
19 51811789 51812813 1e-05 chr19.51813585 19.72815 0 2.99997e-05 4.99995e-05
19 53289239 53290263 6e-05 chr19.53289011 13.34899 0 0.008295197 0.002848804
19 53687739 53688763 0.00029 chr19.53690154 19.67159 1 0.005403431 0.006154692
19 53687839 53688863 6e-05 chr19.53690154 26.7397 1 0.004856529 0.01464488
19 53687939 53688963 0.00014 chr19.53690154 20.87088 1 0.002670078 0.005268723
19 53688139 53689163 0.00059 chr19.53690154 15.24091 1 0.005969018 0.007877402
19 53688439 53689463 0.00037 chr19.53690154 14.56038 1 0.00539832 0.009792901
19 54031889 54032913 1e-05 chr19.54032810 71.36032 0 9.9999e-06 1.99998e-05
19 54071039 54072063 1e-04 chr19.54071714 9.88673 0 0.001234244 0.002286506
19 54128239 54129263 1e-05 chr19.54128738 16.16755 0 0.006397153 0.009408038
19 54461089 54462113 1e-05 chr19.54459893 31.19657 0 6.99993e-05 4.99995e-05
19 54886089 54887113 1e-05 chr19.54886657 23.25647 0 6.99993e-05 2.99997e-05
19 55111989 55113013 1e-05 chr19.55111211 33.31265 0 9.9999e-06 9.9999e-06
19 55198689 55199713 3e-04 chr19.55198178 13.13011 0 0.002139704 0.001525659
19 55245089 55246113 1e-05 chr19.55246050 35.7584 0 5.99994e-05 9.9999e-06
19 55342889 55343913 1e-05 chr19.55343297 52.44566 0 9.9999e-06 9.9999e-06
19 55801239 55802263 0.00025 chr19.55799503 9.86726 1 0.06371888 0.022046
19 55967139 55968163 0.00012 chr19.55967727 17.21666 1 0.01949615 0.01129018
19 56211739 56212763 1e-05 chr19.56211048 108.68773 0 9.9999e-06 9.9999e-06
19 59331639 59332663 0.00098 chr19.59332607 11.65628 1 0.2410396 0.4042952
19 60600989 60602013 1e-04 chr19.indel.60602336 18.04363 0 0.01095991 0.03434031
19 60706639 60707663 0.00028 chr19.60706468 22.15652 0 0.01833179 0.01596786
20 335939 336963 0.00029 chr20.indel.333989 24.02109 1 0.6085719 0.02944276
20 3131839 3132863 0.00064 chr20.3132134 9.74545 0 0.05035324 0.07952561
20 4803839 4804863 1e-05 chr20.4804363 28.90871 0 2.99997e-05 9.9999e-06
20 5578539 5579563 0.00106 chr20.5580602 9.63114 1 0.04554546 0.09934458
20 5582189 5583213 0.00174 chr20.5582675 12.18988 0 0.2853928 0.4913551
20 23046489 23047513 0.00044 chr20.23047017 13.93157 0 0.003890776 0.0001274237
20 24971389 24972413 5e-05 chr20.24972019 17.54762 0 9.9999e-06 9.9999e-06
20 25011989 25013013 1e-05 chr20.25012525 46.0532 0 9.9999e-06 9.9999e-06
20 25175739 25176763 0.00013 chr20.25177564 18.62272 1 0.7651269 0.1202077
20 25175839 25176863 0.00062 chr20.25177564 17.18509 1 0.5090588 0.1886652
20 25175939 25176963 0.00067 chr20.25177564 14.52377 1 0.3686921 0.5021158
20 25176539 25177563 0.00068 chr20.25177564 13.94013 1 0.06048925 0.1142434
20 29685739 29686763 0.00022 chr20.29683916 13.94405 0 0.1586457 0.0005821989
20 32761039 32762063 1e-05 chr20.indel.32761471 31.11038 0 9.9999e-06 9.9999e-06
20 33195789 33196813 1e-05 chr20.33196739 25.91823 0 0.0002996321 0.001042072
20 33196239 33197263 1e-05 chr20.33196739 34.04735 0 0.0003265362 0.000659334
20 35677289 35678313 1e-05 chr20.35679827 95.59056 0 9.9999e-06 9.9999e-06
20 36213339 36214363 0.00098 chr20.36214265 11.83486 0 0.03564993 0.08642461
20 36242689 36243713 0.00155 chr20.36242853 9.09968 1 0.7727522 0.8260963
20 41729589 41730613 1e-05 chr20.41730058 32.51245 0 3.99996e-05 9.9999e-06
20 42003689 42004713 0.00018 chr20.indel.42006568 11.88213 1 0.1998632 0.2044062
20 43114839 43115863 1e-05 chr20.43115365 23.00758 0 0.0001988117 0.0002930068
20 46591139 46592163 8e-05 chr20.46591616 18.4532 0 0.001821221 0.0001631941
20 46685389 46686413 1e-05 chr20.46685114 36.3266 0 0.0004709122 0.0002614917
20 46685639 46686663 1e-05 chr20.46685114 34.46906 0 8.99991e-05 0.0001610383
20 46762089 46763113 0.00076 chr20.46762549 11.98391 0 0.005346103 0.006838996
20 51885189 51886213 0.00123 chr20.51887696 10.08462 1 0.3438456 0.1109721
20 51889139 51890163 0.00015 chr20.51889852 12.64133 0 0.04594992 0.01351191
20 54462889 54463913 3e-04 chr20.54463488 12.06058 0 0.007229859 0.02194024
20 60933989 60935013 3e-05 chr20.indel.60934123 16.15364 0 5.99994e-05 0.0001407425
20 60934539 60935563 4e-05 chr20.60934942 17.1507 0 0.03217881 7.99992e-05
20 61111639 61112663 0.00063 chr20.61112293 15.7157 0 0.0007842408 0.0004378112
20 61111939 61112963 0.00058 chr20.61112293 16.01364 0 0.001465617 0.0002756154
20 61112039 61113063 0.00112 chr20.61112293 13.68709 0 0.001188287 0.0002049863
20 61131189 61132213 1e-04 chr20.61134193 13.88036 1 0.04634947 0.04855495
20 61760139 61761163 0.0015 chr20.61762581 13.87549 0 0.05079688 0.01361929
21 31953189 31954213 1e-05 chr21.31954859 20.11452 0 0.0007745696 0.001772037
21 32687039 32688063 1e-05 chr21.32688465 28.64171 0 9.9999e-06 9.9999e-06
21 33723239 33724263 5e-05 chr21.33723778 12.62077 0 0.0003777316 0.0007737301
21 37501839 37502863 0.00196 chr21.37502984 10.57447 0 0.2567545 0.4364897
21 37502239 37503263 1e-05 chr21.37501784 16.86581 0 0.006504184 0.003259205
21 37502539 37503563 2e-05 chr21.37504301 15.33543 0 0.00223415 0.005307922
21 37502739 37503763 1e-05 chr21.37502984 19.54318 0 0.001961505 0.005674138
21 37502839 37503863 1e-05 chr21.37502984 23.268 0 0.002073882 0.002476864
21 39476789 39477813 0.00063 chr21.39475214 12.79676 1 0.0491517 1.99998e-05
21 41768739 41769763 1e-04 chr21.41768994 12.92615 0 0.02636922 0.04384018
21 41864239 41865263 0.00167 chr21.41863290 10.68667 0 0.01778076 0.009494234
21 42192339 42193363 2e-05 chr21.42192904 16.14841 0 0.001775754 0.0005551416
21 42400139 42401163 0.00155 chr21.42402497 12.51628 0 0.0002015677 0.0003483013
21 42400339 42401363 2e-05 chr21.42402497 22.59457 0 0.0004417296 0.0001820203
21 42400639 42401663 2e-05 chr21.42401141 24.73712 0 0.0004469053 0.000160923
21 42669589 42670613 1e-05 chr21.42670092 66.8083 0 9.9999e-06 1.99998e-05
21 42849889 42850913 2e-05 chr21.42849832 16.22175 0 0.0002371819 0.0006423732
21 43338939 43339963 0.00157 chr21.43340285 8.80039 1 0.02396162 0.05158795
21 44462439 44463463 8e-05 chr21.44462932 15.04138 0 0.03044333 0.02499427
21 45745189 45746213 0.00027 chr21.45743560 11.49043 0 0.3391523 5.99994e-05
21 46428289 46429313 2e-04 chr21.46429265 35.37716 0 0.004817809 0.0008854288
21 46428539 46429563 0.00016 chr21.46429265 35.29186 0 0.0003347549 0.0005491374
21 46428739 46429763 2e-05 chr21.46429265 45.50885 0 0.008595457 0.0137869
22 16019139 16020163 1e-05 chr22.16020855 23.76429 0 1.99998e-05 9.9999e-06
22 16019439 16020463 1e-05 chr22.16017942 26.51466 0 1.99998e-05 2.99997e-05
22 16019639 16020663 1e-05 chr22.16019837 19.89668 0 9.9999e-06 2.99997e-05
22 17482839 17483863 4e-05 chr22.17483598 14.3458 0 9.9999e-05 0.0001518679
22 18085289 18086313 0.00073 chr22.18086150 9.70221 1 0.8443993 0.9649102
22 18124239 18125263 0.00181 chr22.18124510 8.99266 0 0.2304094 0.3344414
22 18309439 18310463 0.00214 chr22.18312267 8.54264 0 8.99991e-05 0.0001895594
22 18309539 18310563 2e-05 chr22.18310017 13.42273 0 9.9999e-05 0.0001252058
22 18309939 18310963 0.00033 chr22.18310017 10.67136 0 7.99992e-05 0.0001252393
22 18524289 18525313 0.00145 chr22.18524663 15.54176 0 0.1044418 0.1287608
22 18758239 18759263 9e-04 chr22.18759008 14.31418 0 0.001329803 0.001699699
22 19211739 19212763 0.00022 chr22.19213449 43.55726 0 0.002034862 0.002423587
22 20885239 20886263 0.00013 chr22.20884577 20.78075 0 0.006847666 0.01859656
22 21490989 21492013 0.00218 chr22.21491302 11.1449 1 0.1111543 0.03641779
22 22200239 22201263 0.00226 chr22.22199373 8.02371 1 0.005227087 0.009461913
22 22968489 22969513 8e-04 chr22.22967383 15.07777 0 0.001798561 0.0002062961
22 25859989 25861013 0.00022 chr22.25858313 12.14641 1 0.008063462 0.01357215
22 28195989 28197013 1e-05 chr22.28198736 38.15378 0 4.99995e-05 0.0001172863
22 28522989 28524013 2e-05 chr22.28523548 23.41018 0 9.9999e-05 3.99996e-05
22 35744939 35745963 0.0011 chr22.35745246 10.83652 0 0.7993391 0.607019
22 35745289 35746313 0.00023 chr22.35744414 11.81739 0 0.6627108 0.8137103
22 35767339 35768363 0.00025 chr22.35766289 11.02645 0 0.02398704 0.001699323
22 35864839 35865863 3e-05 chr22.35865417 13.62072 0 0.01793428 0.006165134
22 36009039 36010063 1e-05 chr22.36009617 60.40533 0 9.9999e-06 9.9999e-06
22 36009639 36010663 0.00223 chr22.36010073 8.63467 0 0.003334704 0.003961544
22 37450589 37451613 0.00021 chr22.37451198 10.1777 0 0.04143631 0.1527978
22 37923239 37924263 0.00074 chr22.37923511 6.19579 0 0.0007269304 6.99993e-05
22 38076839 38077863 1e-04 chr22.38077726 13.06271 0 0.001037299 0.001378739
22 39437139 39438163 0.00066 chr22.39437634 12.87255 0 0.0002475191 0.0005363771
22 41165539 41166563 1e-05 chr22.41166281 21.03393 0 5.99994e-05 9.9999e-06
22 41234539 41235563 1e-05 chr22.41237285 19.60442 0 0.001208829 0.002702454
22 41258139 41259163 0.00013 chr22.41256370 20.05927 0 0.0009013745 0.001495729
22 41259039 41260063 1e-05 chr22.41259875 41.69191 0 0.001938588 0.001223952
22 41690589 41691613 1e-05 chr22.41691023 32.46857 0 9.9999e-06 9.9999e-06
22 41690989 41692013 1e-05 chr22.41691023 28.05976 0 9.9999e-06 9.9999e-06
22 41844589 41845613 1e-05 chr22.41845833 34.79839 0 9.9999e-06 9.9999e-06
22 41861889 41862913 0.00047 chr22.41862397 16.98167 0 0.0005697144 0.0007789715
22 42611439 42612463 1e-05 chr22.42610760 93.77067 0 9.9999e-06 9.9999e-06
22 42611889 42612913 1e-05 chr22.42610760 71.97881 0 9.9999e-06 9.9999e-06
22 42790339 42791363 0.00229 chr22.42791480 10.08925 0 0.002475409 0.004110272
22 44188139 44189163 1e-05 chr22.44188288 56.46323 0 3.99996e-05 1.99998e-05
22 45055489 45056513 0.00068 chr22.45056568 14.77417 0 0.001409299 0.003045065
22 45250739 45251763 0.00043 chr22.45251893 14.8086 0 0.001812781 0.002477207
22 45338339 45339363 0.00012 chr22.45340746 12.58398 0 0.005004643 0.02013813
22 45387339 45388363 0.00026 chr22.indel.45386681 11.74306 0 0.0003292102 0.0001659317
22 45387439 45388463 0.00113 chr22.45386431 9.7469 0 0.0003248633 0.0004473633
22 48436139 48437163 0.00021 chr22.48438925 21.40139 0 0.001336336 3.99996e-05
22 48436239 48437263 0.00017 chr22.48438925 17.98384 0 0.001822456 6.99993e-05
22 48797289 48798313 9e-05 chr22.48800147 22.15523 0 8.99991e-05 0.0003058878
22 48815039 48816063 1e-05 chr22.48813595 22.61592 0 4.99995e-05 9.9999e-06
22 48837039 48838063 1e-05 chr22.48835097 49.93875 0 9.9999e-06 9.9999e-06
22 48837439 48838463 0.00037 chr22.48839178 15.42146 0 0.02748946 0.02638486
22 49391039 49392063 1e-05 chr22.49391612 32.74424 0 0.0001240188 9.9999e-06
22 49391539 49392563 1e-05 chr22.49391612 25.66247 0 9.9999e-05 9.9999e-06
